0 1083
1 907
2 838
3 602
4 743
4 299
4 505
5 399
5 219
5 857
6 128
7 1065
8 423
9 619
10 1229
10 474
11 534
11 261
11 492
12 299
13 474
14 382
15 602
15 785
15 782
16 338
17 113
18 955
18 648
18 67
19 610
19 1083
19 648
20 470
21 602
21 112
21 782
22 350
23 350
24 249
25 707
25 253
26 350
27 860
28 1227
29 743
29 505
30 785
31 1229
32 840
32 736
32 835
33 759
34 40
34 27
34 174
35 1142
36 780
36 1208
36 354
37 67
38 534
38 526
38 1143
39 480
39 1139
39 805
40 358
41 648
42 887
43 93
44 143
45 280
46 840
47 925
48 676
49 1056
50 838
51 676
52 474
52 354
52 1142
53 350
54 35
55 281
56 860
57 1083
58 505
59 505
60 1055
61 35
61 1175
61 249
62 480
62 386
62 805
63 862
64 490
65 481
66 66
67 505
67 743
67 490
68 860
69 759
70 377
70 480
70 386
71 593
71 938
72 843
73 795
73 659
74 18
75 136
75 473
75 563
76 130
76 743
76 505
77 1111
78 805
78 782
79 249
80 1116
80 400
80 1079
81 474
82 780
82 354
83 838
84 350
85 1055
85 1009
86 907
87 1055
88 677
89 1153
90 3
91 30
91 1000
92 828
93 70
93 670
94 743
95 480
95 1001
95 386
96 242
97 648
98 860
99 1035
100 659
101 311
102 1074
103 437
103 380
103 632
104 1119
105 350
106 828
107 743
107 490
108 1179
108 880
109 188
109 828
110 860
111 217
112 1139
113 907
114 299
115 743
115 505
116 800
116 934
116 340
117 528
117 972
117 535
118 280
119 743
119 759
119 505
120 896
121 943
121 25
121 110
122 402
123 534
124 183
124 782
125 380
126 354
126 1142
127 895
127 79
128 1024
129 774
129 785
129 112
130 452
131 61
131 948
131 1012
132 1142
133 177
134 249
134 1194
135 862
136 800
136 934
136 340
137 925
138 1083
139 249
140 728
140 1100
141 1083
142 113
143 354
143 93
144 743
145 862
146 828
147 1175
147 397
147 1142
148 838
149 1153
150 350
151 462
152 628
153 402
154 1153
154 1229
154 884
155 318
155 225
155 897
156 113
157 85
157 1139
157 828
158 1024
159 97
160 930
160 505
161 743
162 838
163 743
164 242
165 619
166 805
167 33
167 110
168 350
169 1042
169 794
170 875
171 1188
171 249
171 654
172 338
173 838
173 462
173 547
174 989
175 249
176 69
176 24
176 782
177 707
178 707
179 606
179 981
179 628
180 480
181 249
182 98
183 117
184 875
185 670
185 188
185 207
186 862
187 1119
187 110
188 249
189 474
190 249
191 210
192 261
193 873
194 907
195 602
196 1143
197 759
198 782
199 97
200 402
201 1024
202 140
203 350
204 907
205 228
206 113
207 452
208 659
208 955
208 1097
209 350
210 35
210 249
211 261
212 1055
212 1009
212 140
213 1229
213 1024
214 743
214 505
215 1229
216 602
216 410
216 1103
217 490
218 128
219 670
219 207
220 373
221 645
221 364
221 89
222 621
222 1168
222 1178
223 281
223 474
223 670
224 474
225 69
225 24
225 782
226 492
227 838
228 35
228 249
229 728
229 731
229 492
230 771
231 354
232 130
232 743
233 490
234 249
235 619
236 534
236 261
236 1227
237 358
238 505
239 395
240 943
240 25
240 110
241 1102
241 249
241 462
241 113
241 759
241 1180
241 1229
241 1024
242 249
243 206
244 112
244 782
245 828
246 971
247 586
248 759
249 630
249 676
250 350
251 840
252 713
252 557
253 350
254 535
254 972
254 840
255 1055
255 907
255 1009
256 35
256 249
257 737
258 480
258 1139
258 805
259 505
260 462
261 943
261 25
261 110
262 399
262 219
262 785
263 249
264 253
264 1227
265 358
266 249
266 506
267 1143
268 613
268 728
269 389
269 785
270 654
271 1210
271 671
271 564
272 1142
272 416
273 261
273 1227
274 1103
275 350
276 619
277 722
278 630
278 676
278 966
278 24
279 216
280 349
280 338
281 982
282 350
283 462
284 838
285 955
286 676
287 1147
288 745
288 1166
288 875
289 1143
290 828
291 202
292 782
293 1056
294 113
295 716
296 239
296 968
297 228
298 299
299 1149
299 1188
299 711
300 745
300 1094
300 1166
301 610
301 648
301 67
302 350
303 832
303 299
304 602
305 506
306 1116
307 350
308 358
309 743
310 350
311 1143
312 838
313 1143
314 676
315 961
316 462
317 308
318 637
319 805
320 1097
321 249
322 588
322 380
323 1066
324 370
325 676
326 1153
327 630
327 112
327 782
328 53
329 670
330 128
331 358
332 602
332 399
332 782
333 860
334 350
334 972
334 535
335 249
336 281
336 648
336 67
337 1083
337 961
337 67
338 350
339 394
339 570
339 400
339 196
340 1175
341 827
342 253
343 860
344 150
344 1066
345 480
346 1153
346 1088
347 350
348 953
349 780
349 354
350 1229
351 534
352 1016
353 534
354 350
355 1194
355 775
356 505
357 838
358 766
359 279
360 608
360 122
360 560
360 141
360 1068
360 675
360 742
361 1055
362 228
363 867
364 743
364 490
365 462
365 547
366 838
367 228
368 1142
369 722
370 1051
370 161
370 632
371 541
371 354
371 55
372 613
372 621
372 1168
373 480
373 1214
373 925
374 743
374 505
375 925
376 782
377 731
378 1083
378 961
378 648
379 228
380 670
380 188
380 207
381 228
382 621
382 1168
383 110
384 782
384 630
384 966
385 185
386 506
386 775
387 785
388 1055
389 350
390 907
391 35
392 728
393 1083
394 79
395 827
396 448
396 480
396 925
397 828
398 350
399 1229
400 1055
401 640
402 676
403 535
403 972
403 840
404 984
404 795
404 659
405 1143
406 311
406 1172
407 907
408 535
408 972
409 925
410 596
410 193
411 1055
412 249
413 934
414 907
414 490
415 249
416 113
417 249
417 506
418 1042
419 925
419 480
419 888
420 1024
421 795
421 659
422 151
423 743
423 490
424 182
424 1149
425 838
426 97
427 113
428 529
429 1153
430 743
431 32
432 860
433 35
433 249
434 228
435 1227
436 1038
436 1149
436 1188
436 182
436 654
437 350
438 1097
439 972
439 840
439 294
440 838
441 860
442 522
443 670
443 188
443 207
444 838
445 759
446 534
447 805
447 1004
447 410
447 106
447 482
447 894
447 480
447 333
447 1214
447 386
447 714
447 322
447 649
448 174
448 968
449 517
449 34
450 70
450 670
451 716
451 1083
451 648
452 1024
453 462
454 659
455 728
455 492
456 1056
457 547
458 860
459 782
460 1066
460 1027
460 425
461 446
462 113
463 1143
464 505
465 640
466 1024
467 249
468 862
469 619
470 261
471 158
471 1126
471 659
472 602
472 399
472 785
473 743
473 1066
474 1055
474 907
474 1009
475 838
476 782
477 759
478 1119
478 110
479 112
480 670
480 188
480 207
481 1083
482 632
483 1119
483 110
484 699
485 628
485 981
486 1147
487 782
487 966
488 506
488 896
489 743
490 228
491 386
491 805
492 188
493 249
494 202
495 670
495 188
495 207
496 782
497 130
497 743
498 384
498 423
499 840
499 294
500 1153
501 72
502 1186
503 506
504 838
505 480
505 925
506 827
507 474
508 113
509 840
509 294
510 743
510 505
511 82
511 505
511 759
512 670
512 188
512 782
513 619
514 350
514 391
514 972
515 350
516 350
517 1119
518 1142
519 462
520 1065
520 505
521 517
521 501
521 854
522 261
523 177
524 780
524 354
524 93
525 505
526 113
527 659
527 648
527 67
528 350
529 676
530 228
531 249
532 788
532 1016
533 1056
534 462
535 843
536 1153
537 474
537 514
537 619
538 860
539 350
540 97
541 925
542 350
543 795
543 659
543 1235
544 1175
544 492
545 1094
545 934
545 562
546 840
547 943
547 1119
547 110
548 1180
548 35
548 249
549 602
550 840
550 498
551 112
551 925
551 782
552 299
553 828
554 1227
555 448
555 480
555 925
556 319
557 319
558 1229
559 1166
560 602
561 535
561 972
561 840
562 474
562 354
562 1142
563 743
564 228
565 249
566 350
567 619
567 376
568 480
568 1214
568 925
569 3
570 782
571 477
571 866
571 1142
572 1083
573 346
573 364
573 89
574 1056
575 490
576 474
576 354
576 1142
577 177
577 1068
578 505
579 628
579 480
579 1139
580 1142
581 249
582 397
582 1142
582 416
583 707
584 253
585 743
585 759
585 505
586 462
586 1229
587 838
588 450
589 1188
589 249
589 654
590 759
590 462
590 827
591 860
592 632
593 856
594 249
595 350
596 728
596 621
597 462
597 1229
597 907
598 1153
599 728
599 1168
600 35
601 1186
601 85
601 1042
601 196
602 481
602 843
603 840
604 838
605 228
606 517
606 34
606 554
607 676
608 35
609 1019
610 480
610 925
611 462
611 1194
612 1153
612 25
612 110
613 228
614 350
615 1227
616 462
616 896
616 53
617 1009
618 350
619 522
619 74
620 35
620 249
621 955
622 350
623 935
623 939
623 469
624 35
625 505
625 1202
625 490
626 632
627 249
628 670
628 822
628 188
629 128
630 25
630 110
631 659
631 909
632 281
632 795
632 648
633 202
634 188
635 79
636 743
637 350
638 474
639 943
639 1119
639 1068
640 743
640 490
641 628
641 981
642 371
642 70
642 146
643 800
643 934
643 340
644 860
645 505
646 422
646 25
646 110
647 384
648 505
649 875
650 676
651 490
652 480
652 1139
652 805
653 602
653 785
653 782
654 228
655 261
656 972
656 580
656 840
657 759
658 261
659 893
659 113
659 152
659 85
659 1228
659 828
660 632
661 354
662 728
663 527
664 267
664 934
664 724
665 860
666 113
667 110
668 1055
668 66
668 140
669 759
670 676
670 782
671 371
671 670
671 275
672 619
673 322
673 653
673 649
674 402
675 112
675 785
675 858
676 534
677 897
678 19
678 505
679 462
679 896
680 1083
681 843
682 1024
683 1083
684 1119
684 110
685 657
686 628
686 480
686 386
687 350
688 158
689 743
690 943
690 110
691 505
691 743
691 490
692 571
692 338
693 506
693 1067
693 547
693 638
694 150
694 490
695 676
696 759
697 649
698 1142
699 350
700 840
701 640
702 828
703 828
704 358
705 228
706 462
707 1055
707 907
708 925
709 70
709 670
709 828
710 249
711 97
712 394
713 113
714 113
715 648
716 391
716 840
717 993
718 221
719 136
720 1229
721 795
721 659
722 350
723 522
724 350
725 602
726 1119
727 281
727 67
728 860
729 774
729 785
730 1143
731 722
732 1143
733 1153
733 1068
733 110
734 759
735 151
736 838
737 534
737 707
737 261
738 350
739 628
739 925
740 462
740 506
740 53
741 506
741 1194
741 354
742 738
742 1153
743 670
744 1153
745 1186
745 1035
746 305
746 738
746 440
747 1210
748 182
748 1149
749 1116
749 400
750 1229
751 202
752 414
753 1043
754 350
755 113
756 358
757 34
758 634
759 1132
759 676
759 782
760 1056
761 632
762 1028
763 221
763 190
763 1165
764 586
765 990
766 728
767 350
768 535
768 972
768 840
769 860
770 1083
771 925
772 715
772 1194
773 380
774 621
774 731
775 163
776 743
776 490
776 150
777 1024
778 480
778 1139
779 614
779 74
780 535
781 722
782 1147
783 35
783 249
784 925
785 249
786 350
787 610
788 1143
789 1180
789 462
789 249
790 1175
791 350
792 838
793 88
793 373
794 648
794 67
795 113
796 838
797 743
798 827
798 168
799 828
800 943
800 25
800 110
801 155
802 1142
803 480
803 386
803 888
804 517
805 193
806 1055
806 1009
807 827
808 350
809 1229
810 925
810 805
810 377
810 480
810 386
811 828
812 955
813 53
814 261
814 1227
815 707
815 253
816 907
816 1213
816 140
817 895
817 79
818 448
818 480
818 1139
819 743
819 505
820 249
821 435
821 782
822 621
822 1168
823 838
824 386
825 35
826 70
826 670
826 142
827 1143
828 462
829 268
830 130
830 743
831 32
832 1228
833 907
834 1186
835 1003
835 505
835 759
836 350
837 860
838 414
839 1068
840 670
840 188
840 828
841 113
842 676
842 24
842 782
843 350
844 619
845 143
846 838
847 1119
848 1153
849 738
850 748
851 536
851 813
851 648
852 875
853 907
854 867
855 480
855 1153
856 1097
857 128
858 664
859 113
860 113
861 1137
861 873
861 831
862 462
862 547
863 925
864 505
865 943
865 25
865 110
866 374
866 619
867 838
868 261
869 707
869 261
870 249
871 193
871 1042
871 596
871 1100
872 1056
873 534
874 630
874 24
874 782
875 619
876 350
876 972
877 621
878 1142
879 391
879 840
879 1170
880 370
881 632
882 1056
883 350
884 1132
884 676
884 69
885 480
885 1214
885 925
886 249
887 242
888 838
889 879
889 67
890 534
891 188
892 691
892 1143
893 707
893 253
894 350
895 258
896 18
896 711
896 1149
896 1188
896 654
897 1083
898 840
898 972
898 359
898 673
898 414
899 1153
900 522
900 405
901 350
902 707
903 113
903 782
904 480
904 1214
904 925
905 1066
906 1229
907 249
908 860
909 177
909 1153
910 602
910 649
911 188
911 828
912 350
913 759
914 350
915 838
916 130
916 1186
916 505
916 490
917 827
918 506
918 1194
918 775
919 350
920 606
920 665
921 1055
921 907
921 1009
922 1143
923 1166
924 925
925 1051
925 632
925 161
926 188
926 207
927 169
927 522
927 279
928 506
928 896
929 971
930 843
931 838
932 782
933 875
934 1079
935 632
936 350
937 602
937 70
937 785
938 281
938 648
939 47
940 84
941 619
941 1142
942 34
943 668
943 903
943 1213
944 216
944 480
944 828
945 350
946 934
947 838
948 1066
949 522
950 350
951 907
952 1103
953 743
953 505
954 1143
955 354
955 1142
956 113
957 350
958 470
959 849
959 850
960 411
960 895
960 79
961 828
962 228
963 805
963 480
963 1214
963 386
963 322
964 840
965 174
965 968
966 480
966 1153
966 782
967 838
968 79
969 1024
970 1066
971 402
972 961
973 925
973 782
974 1153
975 745
975 1166
975 875
976 838
977 843
978 1143
979 350
980 743
980 505
981 1056
982 707
983 785
984 505
984 490
985 517
985 34
986 759
987 782
988 676
989 450
990 249
991 534
992 1119
993 261
994 759
995 202
996 656
996 828
997 505
998 358
999 1135
1000 743
1001 480
1001 888
1002 875
1003 350
1004 759
1005 19
1005 743
1005 490
1006 828
1007 1153
1007 1068
1007 742
1008 827
1009 1139
1010 670
1010 822
1010 897
1011 249
1012 1153
1013 613
1013 728
1013 1056
1013 731
1013 985
1014 981
1015 338
1015 51
1015 1199
1016 1019
1016 827
1016 1066
1017 619
1018 922
1019 188
1020 759
1021 759
1022 1142
1023 350
1024 1168
1024 847
1025 847
1025 44
1026 474
1026 354
1026 1142
1027 782
1028 860
1029 800
1029 1097
1029 3
1030 110
1030 321
1031 728
1032 480
1032 386
1032 805
1033 1153
1034 782
1035 517
1035 926
1035 34
1036 1153
1037 228
1038 70
1038 242
1039 943
1039 25
1039 110
1040 70
1040 670
1040 188
1041 35
1041 462
1042 364
1043 1153
1043 110
1044 1083
1045 249
1046 249
1047 862
1048 1186
1049 743
1050 862
1051 462
1051 896
1051 53
1052 602
1053 97
1054 1043
1055 350
1056 648
1057 829
1057 813
1057 716
1058 248
1058 373
1059 1143
1060 112
1060 782
1061 728
1061 1168
1062 1153
1063 1126
1064 448
1064 480
1064 925
1065 350
1065 391
1065 840
1065 972
1065 359
1065 835
1066 354
1067 350
1068 391
1068 840
1068 294
1068 972
1068 359
1068 201
1068 835
1069 79
1070 860
1071 759
1072 850
1073 1066
1074 728
1074 492
1075 188
1075 828
1076 384
1077 838
1078 182
1078 1149
1079 1139
1080 350
1081 534
1082 782
1083 110
1084 113
1085 782
1086 925
1087 98
1088 743
1088 505
1088 150
1089 862
1090 350
1091 621
1091 1168
1092 506
1093 97
1094 358
1095 249
1096 795
1096 659
1097 281
1097 648
1098 249
1099 529
1099 375
1099 1133
1100 1143
1101 800
1101 934
1101 340
1102 474
1103 228
1104 1024
1105 350
1106 676
1106 782
1107 614
1107 74
1108 53
1109 35
1109 1180
1109 828
1110 505
1111 490
1112 490
1113 1186
1113 951
1113 1035
1114 350
1115 522
1116 228
1117 860
1118 70
1118 670
1118 828
1119 676
1120 648
1121 490
1122 35
1123 1168
1123 1028
1124 1023
1125 632
1126 474
1127 450
1128 925
1129 1142
1130 943
1130 25
1130 110
1131 1143
1132 759
1133 534
1134 26
1135 216
1136 1139
1137 1219
1137 55
1138 280
1139 738
1139 676
1139 782
1140 860
1141 534
1141 707
1142 97
1143 1119
1144 113
1145 758
1145 1153
1145 888
1146 350
1147 261
1148 350
1149 1142
1150 648
1151 1229
1152 1227
1153 602
1154 632
1155 32
1156 759
1156 474
1157 527
1158 167
1159 1143
1160 517
1161 743
1161 490
1162 400
1163 228
1164 1166
1165 925
1165 782
1165 113
1165 112
1165 1106
1165 1187
1165 24
1166 35
1166 249
1167 261
1168 400
1169 1055
1170 97
1171 780
1171 354
1172 65
1173 216
1174 875
1175 249
1176 470
1177 534
1177 707
1177 261
1178 396
1178 110
1179 206
1179 860
1179 1178
1180 35
1180 249
1181 113
1182 474
1183 613
1183 621
1183 1168
1184 324
1185 728
1185 621
1185 985
1186 1083
1187 1153
1188 474
1189 128
1190 110
1191 743
1192 766
1193 943
1193 110
1194 645
1194 364
1194 730
1195 67
1196 228
1197 1097
1198 350
1199 632
1200 907
1200 1009
1200 140
1201 707
1202 1153
1203 593
1204 978
1205 728
1205 1168
1206 743
1206 490
1207 322
1207 480
1207 1139
1208 228
1209 707
1209 253
1210 35
1210 249
1211 399
1211 785
1212 628
1213 158
1214 1143
