0 2,4,1,5,0,6,3,7
1 11,12,10,13,9,8,14
2 21,24,23,26,15,18,29,19,20,28,27,22,25,16,17
3 35,31,32,33,38,37,30,34,36
4 47,48,39,46,45,50,42,41,51,49,43,44,40
5 59,63,57,11,60,58,53,55,54,62,56,61,52
6 66,64,67,65,72,70,76,71,74,69,68,75,73
7 79,77,83,80,78,82,81
8 94,87,93,96,95,85,88,84,89,90,91,92,86
9 103,102,97,99,98,104,100,101
10 105,109,107,108,106
11 121,111,115,119,117,118,122,110,112,113,116,120,114
12 132,11,131,133,123,130,134,124,126,127,129,125,128
13 135,138,145,146,139,143,140,144,136,142,147,141,137
14 150,148,149
15 160,157,156,158,163,153,155,152,151,159,162,154,161
16 168,170,174,164,166,169,165,167,173,176,172,171,175
17 188,183,181,180,187,186,185,179,178,184,177,182
18 189,198,200,195,191,190,193,192,194,196,199,7,197
19 208,213,204,206,203,207,209,212,205,210,202,211,201
20 214,217,215,216,221,222,225,224,219,220,223,218
21 229,226,230,232,228,231,227
22 240,243,255,271,265,246,242,256,253,245,236,247,258,278,261,257,267,270,254,239,277,233,263,266,274,262,275,250,248,244,241,260,249,237,276,259,272,238,268,269,235,273,264,234,252,251
23 282,285,11,279,288,261,281,287,275,286,283,284,280
24 290,299,303,293,298,300,297,289,302,295,291,292,301,296,294
25 309,307,308,313,311,314,310,306,305,312,304
26 326,318,11,316,319,325,317,324,315,322,323,320,321
27 334,333,328,335,336,330,332,331,329,327
28 337,3,339,338
29 340,342,341,349,351,348,232,344,343,346,347,345,350
30 358,356,363,352,353,37,30,361,357,354,34,362,360,355,359
31 366,374,367,373,369,372,365,364,371,368,370
32 375,382,377,378,381,376,275,385,380,379,383,384
33 388,133,325,390,389,387,386
34 403,400,396,397,399,391,395,393,398,402,394,401,392
35 406,414,412,407,409,405,411,415,413,408,404,410,416
36 422,423,417,424,418,143,147,421,420,419,149,69
37 434,11,433,431,429,425,430,432,427,149,435,426,428
38 440,443,437,439,445,441,446,85,447,444,442,436,438
39 456,458,457,11,449,450,448,455,454,459,452,451,453
40 460,465,463,469,471,461,468,464,462,470,466,467
41 473,325,479,480,476,484,483,478,481,482,60,472,474,475,477
42 488,486,485,487,489,491,492,490
43 495,499,493,497,502,501,494,348,107,496,500,498,477
44 504,414,508,505,512,509,514,503,510,506,513,507,511
45 520,518,517,515,519,516
46 521,529,530,526,523,524,528,531,525,532,522,527
47 534,539,542,533,541,544,546,543,538,540,545,537,535,536,251
48 552,547,555,556,548,550,558,551,554,553,557,549
49 559,563,562,560,561,564
50 571,572,570,11,568,567,325,565,575,569,574,573,566
51 579,578,586,587,581,584,582,580,577,588,583,576,585
52 593,598,596,412,599,590,600,594,592,597,589,591,595
53 604,602,601,603,605
54 616,618,608,612,606,615,613,614,609,617,611,607,610
55 630,629,627,621,622,619,624,620,194,625,628,626,623
56 637,639,640,632,635,636,633,641,638,634,336,642,631
57 646,11,653,643,654,645,650,644,652,647,648,651,649
58 662,658,656,655,11,657,660,664,661,665,149,663,659
59 671,673,669,670,674,667,668,672,666
60 677,685,676,675,686,681,684,678,680,228,679,683,682
61 698,691,687,692,696,107,689,695,693,694,697,690,688
62 712,702,704,707,703,706,699,705,711,713,708,710,701,709,700
63 719,11,716,660,723,717,722,720,724,718,721,715,714
64 761,737,763,740,747,728,734,732,739,729,725,751,325,766,746,752,757,758,764,754,760,748,745,753,755,727,730,762,744,741,731,749,742,733,743,759,765,750,738,735,736,756,726,767
65 775,770,771,773,772,768,774,769
66 787,784,786,776,778,781,780,783,779,777,785,782
67 795,796,790,794,797,788,798,390,793,551,791,789,792
68 800,803,122,801,802,336,799
69 804,805,814,818,810,813,806,812,807,815,809,817,816,811,808
70 820,819,824,822,540,825,823,821
71 839,830,828,829,826,837,827,836,832,833,835,834,840,831,838
72 842,844,845,846,841,843,847
73 848,68,500
74 850,851,849,852
75 858,853,855,11,856,860,143,861,863,854,859,862,857
76 874,11,873,868,870,133,866,867,871,864,869,872,865
77 878,876,880,881,882,11,883,877,885,875,884,879,886
78 895,892,891,888,896,889,893,348,890,894,887
79 904,905,11,903,906,899,897,907,902,900,908,898,901
80 922,923,915,914,919,911,920,913,918,912,917,921,909,916,910
81 931,928,926,929,924,933,927,934,932,141,935,925,930
82 938,948,939,946,941,937,940,944,947,942,943,936,945
83 958,961,957,956,951,952,325,949,950,953,955,959,960,962,954
84 971,382,966,325,964,275,967,965,963,970,968,969,287
85 980,979,975,974,978,977,982,973,972,983,976,610,981
86 993,994,987,991,986,995,996,984,990,988,989,985,992
87 998,997,432,999,107,1000
88 1005,1001,1002,1006,1003,1007,1004
89 1008,1014,637,1011,1010,1013,1012,1009,1018,1016,1015,1017,1019
90 1023,1025,1020,1029,11,1021,1026,1024,654,140,1022,1027,1028
91 1030,1032,1034,1031,1033
92 1037,1041,1039,1036,1044,1046,1042,1035,1043,1040,1045,1047,1038
93 1049,1055,1048,1054,1052,664,1051,1053,1050
94 1057,1027,1064,11,1065,1060,1061,1056,1059,149,1062,1063,1058
95 1069,1068,1076,1067,1072,1070,1071,1073,1075,1077,1066,1078,1074
96 1087,1083,1081,232,1080,1079,1088,1090,1086,1085,1082,1089,1084
97 1096,1097,1100,1095,348,1091,1094,551,1099,1101,1092,1098,1093
98 1108,1112,1107,1106,1109,167,1110,1104,1105,1103,1102,336,1111
99 1114,1120,1116,1113,1127,1122,1126,1124,1119,1121,1118,1123,1115,1117,1125
100 1129,1131,1128,1130,1132
101 1140,1133,1138,1141,1142,1143,1139,1134,1137,1136,1135
102 1147,1155,1154,1144,1153,1151,1148,1149,1152,1145,1150,1146,477
103 1157,1158,1161,85,1159,1160,1156
104 1174,1167,1170,1165,1171,1172,1175,1163,1173,1162,1168,1169,1166,1176,1164
105 1180,1187,1181,1184,1178,275,1185,1183,1186,1179,1177,1182
106 1188,1195,1202,1196,1197,1199,1193,1198,1200,1189,1190,1201,1192,1194,1191
107 1208,794,1205,798,1204,387,1207,1206,551,1143,1203,1209,792
108 1211,390,1212,1213,284,1210
109 1215,1219,1223,1214,1216,1218,1225,1222,1217,1220,1224,1226,1221
110 1227,1236,1232,1235,1233,1229,1231,1238,1230,1234,1237,1228
111 1245,1240,1248,1242,1247,1250,1244,1246,1239,1243,1249,1241,251
112 1262,1261,1257,1259,1254,1260,1264,1255,1256,1253,1258,1252,1263,1251,1192
113 1268,1271,1270,1265,1272,1275,1267,1273,228,107,1274,1269,1266
114 1277,1280,1285,1276,11,133,1286,1278,1283,1284,1281,1282,1279
115 11,1287,1290,1289,1294,1293,1292,1295,1291,1288,1297,1298,1296
116 1309,1029,1304,1307,1299,491,1300,1301,1302,1305,1306,1308,1303
117 382,1310,1143,376,275,1313,379,1312,1311
118 325,1315,1141,1314,1143,1316,251
119 1320,951,1318,325,766,1321,1322,1319,1317,1325,1324,1323,284
120 1327,1326,1330,107,1329,1328
121 1342,1332,1339,1334,1336,1340,1343,1333,1337,1335,1341,1338,1331
122 1351,1353,1350,1354,1356,1349,1347,1355,1352,1345,1346,1344,1348
123 1359,11,1304,1364,1358,1362,1366,1360,149,1361,1363,1357,1365
124 1371,1373,1370,1374,1372,1072,1376,1377,1369,1378,1375,1367,1368
125 1381,1388,1386,1382,485,1380,1379,1384,1387,1389,1385,1383,1390
126 150,1392,1399,1401,1402,1391,1400,1395,1393,1394,1398,1396,1397
127 1411,1410,1407,1412,1403,1413,107,1385,1405,1404,1408,1406,1409
128 1414,1422,198,11,1421,1143,1419,107,1418,1415,1416,1417,1420
129 1424,1430,1428,1425,1423,1426,1427,1429
130 1432,11,1434,1437,893,1436,1439,1440,1435,1433,1431,1441,1438
131 1446,1444,680,1445,1447,1383,1443,1448,1442
132 1452,1450,1454,1460,1458,1449,1453,107,1455,1451,1459,1456,1457
133 1463,1462,1461,1464,1465
134 284,11,1467,1466,1471,1469,899,1470,1468
135 1477,1478,1480,1479,1476,846,1475,1473,1481,1472,1308,1474
136 1489,1484,11,1491,1487,723,1482,1483,1485,665,1488,1490,1486
137 1501,1506,1503,1500,1494,1495,1492,1498,1504,1505,1499,1502,1493,1497,1496
138 1509,1508,1510,1513,1515,1516,1518,1507,1512,1514,1517,1511,1519
139 1526,11,1523,1527,1530,1521,1522,1528,1529,1520,1258,1525,1524
140 1538,1542,1535,1549,1532,1546,1537,1545,1533,1540,1541,1531,1539,1536,1547,1543,1544,1534,1548
141 1552,1551,1553,348,1550
142 1557,1554,1564,1561,1563,1562,1565,1556,1558,1559,1555,1560,1566
143 1575,1572,11,1577,1570,1568,1569,107,1574,1567,1571,1576,1573
144 1580,1029,1588,1587,1581,1578,1586,1583,1584,1585,1579,1589,1582
145 1595,1596,1591,181,1599,1590,1592,1598,1594,220,1600,1593,1597
146 1603,1609,1613,1614,1197,1602,1606,1610,1611,1612,1607,1605,1608,1601,1604
147 150,1617,1616,1625,1624,1619,1621,1623,1620,1622,1615,1618,1394
148 1634,1631,1630,1626,986,1632,1633,1637,1636,1635,1629,1627,1628
149 1648,1647,1387,1643,1646,1640,1642,1644,1301,1645,1639,1638,1641
150 1653,1652,1659,1287,1656,1658,1654,1655,1649,1657,1650,1660,1651
151 1663,266,1666,1664,1661,1665,864,1662,1667
152 1668,1672,1673,1674,1671,1669,1670
153 204,1677,209,1680,1675,1678,212,1681,1655,1682,1676,1679
154 1332,1685,1072,1684,106,1683
155 1686,1689,1688,1687
156 1694,1692,1691,1693,1696,1690,1695
157 1698,1706,1702,1699,1700,1705,1701,1704,1703,1697
158 1709,1707,1711,181,1716,1714,85,1712,1710,1715,1708,1713,477
159 1719,1721,1718,1722,1724,1720,1717,1723
160 1729,1730,1728,1727,1731,1734,1733,107,697,1732,1726,1725,688
161 1743,1740,1742,1745,1735,1738,1746,1748,806,1737,1747,1744,1736,1739,1741
162 204,1508,146,389,1753,1750,1754,1756,1751,1749,1755,1752
163 1763,1764,1767,1762,1765,1758,815,1761,246,1759,1757,1760,1766
164 1055,1054,1769,1770,1768,1771,1441
165 1773,1772,1775,1774
166 1779,1780,1784,1781,1777,1782,1783,1776,1778
167 1794,1793,1796,1788,1785,1789,1792,1787,1797,1795,1791,1790,1786
168 1798,1799,1800,1723
169 1812,1801,1810,1807,1806,1805,1804,1803,1808,1809,1811,1802
170 1820,1813,1029,1821,1824,1815,1818,1819,1816,1814,1817,1823,1822
171 1835,1834,1836,1830,1827,1828,1831,1832,1825,1833,107,1829,1826
172 1840,1841,1842,1838,1846,1837,1843,1844,1845,1847,1848,1839
173 266,1856,1859,1849,1852,1857,1858,325,1851,1854,1850,1853,1855,1860,1861
174 948,629,1867,1862,1863,194,1594,1865,1864,1870,1868,1866,1869
175 1873,1875,11,1871,1876,1878,1283,982,1879,1872,1525,1877,1874
176 1882,1881,146,1887,1623,1885,1888,1880,1883,1886,1889,1884
177 1896,1893,11,1890,1898,1892,83,1899,1895,1408,1894,1891,1897
178 108,1903,1904,1905,1908,1900,1902,107,1901,1907,1909,1906
179 1910,1911,1912
180 1913,1915,1916,1914
181 1920,1919,11,1922,1722,1924,1923,1288,1918,900,908,1917,1921
182 1926,1927,1925,1917
183 1937,1930,893,1934,1929,1928,1935,1932,1931,1936,1933
184 1029,1942,1940,1947,1941,1939,1945,1938,1814,1944,1946,394,1943
185 1952,1956,1953,1950,1955,1086,1954,908,1948,1949,1063,715,1951
186 1958,1963,1960,1962,85,1961,1152,1957,1964,1959
187 1968,1967,1972,1767,1969,1965,1974,1973,1966,1970,1975,1365,1976,1971,477
188 1982,1985,1981,1980,1987,1989,1984,1977,1988,1978,1983,1979,1986
189 1993,1991,1995,1994,1992,1990,107,2000,1418,1998,1999,1996,1997
190 2003,2006,2012,2008,2009,2001,2005,2004,2011,2007,2010,2013,2002
191 2015,2018,2021,551,2014,2016,2017,2019,2020
192 2022,2026,11,883,794,2028,2023,2024,2025,2030,2029,1649,2027
193 111,2034,2032,2031,642,2033
194 2043,2037,2040,986,2039,350,2042,107,2036,2035,2038,2041,992
195 2044,2046,738,2053,2052,2054,2045,2051,2055,2050,2049,2047,2048
196 2064,529,2058,80,2065,2063,2061,2062,447,2059,2056,2057,2060
197 2068,2073,11,2074,390,2067,2070,869,2072,2066,2069,2071
198 2081,2075,2087,2086,2078,2076,2082,2085,2077,2080,2084,2083,2079
199 2096,2099,2090,2094,2098,2089,325,2097,2088,2093,2091,2095,2092
200 2111,2106,2101,2107,2110,2100,2102,85,2103,2108,2109,2105,2104
201 1133,1143,2112,1316,1140,2113,1136,1135
202 2115,2114,2123,2117,2118,2121,2119,2120,2124,2122,1584,2116
203 2130,2128,2132,2129,2126,2133,2134,2135,275,2131,2125,2127,251
204 2137,1029,2136,1330,2138
205 2147,2139,2141,514,2143,2142,107,2146,2140,2145,2148,2144
206 477,2150,2157,2159,2156,2154,2152,2158,2161,2149,2160,2155,1191,2153,2151
207 2172,2167,2165,2164,2174,2162,2168,2169,2173,2171,2170,2166,2163
208 2175,2179,2178,2182,654,2184,2177,2176,2183,2180,2181
209 2192,2195,2190,2189,2193,2185,2188,2194,2187,2191,2196,2186,2197
210 2211,2199,2209,2207,2202,338,2204,2205,2201,2200,2198,2203,2210,2208,2206
211 2215,2221,2213,2218,2219,2216,2212,107,2217,2220,2029,2222,2214
212 2232,1332,2224,11,2226,2225,948,2231,2229,2228,2230,2227,2223
213 2235,2238,2237,2234,1632,2236,2239,2240,1635,2233
214 2244,2249,738,2241,2242,325,2247,2246,389,2248,2245,791,2243
215 2258,2259,2251,2254,2253,2250,2261,2256,151,2255,2257,2252,2260
216 2264,2267,2128,2268,2273,2266,2272,2265,2269,2270,2262,2263,2271
217 2274,2282,2280,2275,2284,2281,2283,2188,2279,2285,2278,2277,2276
218 2288,2286,2142,2292,107,395,2289,1308,2293,2287,2291,2290
219 2294,2300,2295,1387,2299,2193,2296,2301,127,680,2297,2302,2298
220 958,2313,325,2312,2315,2314,2308,2305,2310,2311,2307,2309,2303,2304,2306
221 1387,2316,2324,487,2319,2317,2320,2322,2323,2318,447,2321,1089
222 2328,2326,2325,2327
223 2331,2333,2332,97,2329,794,2334,2330
224 2338,2344,2336,2341,104,2345,2342,2343,2340,2346,2337,2339,2335
225 891,2352,2353,2347,2348,2354,232,2350,2351,2355,2356,2349,2357
226 2361,2364,2365,2366,2360,2363,2359,2358,2362
227 2374,2371,2369,2373,2370,2367,2368,2372
228 2378,2383,2382,2376,2384,2386,2375,2380,149,2381,2385,2379,2377
229 559,2388,2393,560,2387,2390,2392,122,561,2389,2391
230 1381,2402,2400,2397,2396,2394,2142,2398,2401,2399,2395,220,2291
231 1029,2408,948,2410,2413,2405,2412,2407,2406,2411,2409,2403,2404
232 2421,11,2053,2420,325,2416,2415,2414,2417,235,869,2418,2419
233 2426,2427,2429,2423,2425,2430,2424,1317,2428,1325,2431,1324,2422
234 2441,2440,803,2436,2435,2433,2434,2439,2438,2437,2432,2442
235 2443,2453,2455,2448,2452,2454,2446,2447,2450,2445,2444,2449,2451
236 2457,337,2456,2460,2464,2466,2462,2459,2458,2461,2465,3,2463
237 2472,2469,803,11,2467,2474,877,2468,2470,2311,2471,2431,2473
238 2477,2479,2480,2476,2482,191,2478,2485,2483,2475,1761,2484,2481
239 2493,2491,2495,2498,2488,2486,2497,2489,2496,2490,2494,2500,2499,2487,2492
240 2504,1685,1788,2503,2502,2505,2501,2506,2507,2508,2510,2000,2509
241 2535,2536,2537,2519,2532,2529,2531,2547,2528,2527,2534,2543,2512,2516,2513,2518,2515,2523,2525,2539,2514,2521,2545,2526,2546,2530,2522,2540,2551,2524,2511,2548,2533,2538,2544,2542,2552,2520,2541,2517,2550,2549
242 2559,2560,2556,2561,107,2553,2558,2557,2555,2554
243 2562,2568,2564,2567,2563,2565,2566
244 2572,2571,2569,2142,2570,2573,2574,2575
245 2582,2576,2584,2578,2579,2132,2585,2586,2587,2577,2583,2580,2581
246 2594,2591,1904,2592,348,2595,2590,85,1645,2588,2593,2589,2596
247 2605,2601,2603,2602,181,2604,2606,232,2598,2597,2599,2600
248 2612,2609,11,2613,2607,1290,2614,2611,2615,2610,1295,241,2608
249 2618,2617,2619,2624,2626,2627,2621,2623,2629,2630,2625,2620,2622,2628,2616
250 2637,2638,2640,2642,2634,2643,2635,2641,2639,2633,2631,2632,2636
251 2649,2644,2648,2650,2647,275,2646,2645
252 2653,2651,2652
253 2656,2658,2657,2654,2655
254 2661,2665,2659,2668,317,2663,2660,107,2667,2664,2666,1949,2662
255 2672,2677,975,2669,2673,2675,2678,348,2679,2670,2676,2674,2671
256 2736,2691,2699,2740,2700,2712,2696,2735,2714,2709,2725,2688,2682,2681,2686,2697,2711,2715,2701,2683,2695,2722,2739,325,2698,2694,2718,2738,2705,2734,2685,2724,2726,2741,2710,2737,2727,2687,2716,2706,2723,2680,2684,2704,2732,2702,2720,2703,2730,2713,2731,2689,2728,2733,2729,2693,2707,2717,2690,2721,2719,2692,2708
257 2746,1332,2748,2750,11,2576,2749,2742,2743,2744,2745,2747,2751
258 2753,2759,2754,2761,2765,2752,2757,2758,2756,1612,2762,2760,2764,2763,2755
259 2766,656,11,2770,348,660,2769,2771,2768,149,2767,1063,2379
260 1394,2778,2773,2774,2772,2779,2777,107,1418,1761,2780,2776,2775
261 1796,2504,2787,2785,2786,2788,1787,2783,2781,1791,2784,2789,2782
262 2790,2791,2792
263 2798,2796,2801,2804,2806,325,2802,2793,2803,2794,2805,2800,2795,2797,2799
264 2808,2816,2811,2807,2817,2818,2819,2815,2812,2814,2810,2813,2809
265 2823,2826,2825,2829,111,2827,2821,2820,2830,2824,2828,149,2822
266 2834,1920,2831,11,133,1904,2832,2836,2835,1288,1282,2833,1921
267 2840,2842,2844,2843,2838,1289,1003,2837,662,2839,2841
268 2851,1538,2848,2847,2852,2853,2855,2856,2857,2854,2849,2850,2845,2846,1545
269 2865,2861,2273,2866,2863,2868,2869,2858,2867,2864,2862,2859,2860
270 2877,2707,2875,2878,2870,2874,2871,2872,2873,2879,2876
271 2883,1920,11,2880,2881,2311,2882
272 2884,2890,2893,2885,2889,2891,85,2886,815,2894,2892,2888,2887
273 2897,2901,2895,209,2902,2904,2899,2903,2905,2896,2900,2898,1182
274 2912,2909,2914,2908,2916,2915,2917,2913,2918,2907,2919,2906,2911,2910
275 529,1029,2923,2924,2927,2925,2929,2920,2921,2928,2922,2926,1589
276 2932,2933,2934,2938,97,181,99,2937,680,2930,2931,2935,2936
277 2948,2939,2946,2945,2947,2942,2944,2940,2941,2943
278 2953,2958,2956,2963,2962,2955,2952,2949,2961,2951,2960,2950,2954,2959,2957
279 2969,2966,2967,2965,680,2964,2970,2968
280 2978,2979,2975,2974,2980,2973,2976,2982,551,2981,2977,2972,2971
281 2984,215,2983,2985
282 2987,2990,2989,2992,2996,2986,2988,2997,2991,1513,2993,2994,2995
283 2998,2999,3000
284 3009,3006,3008,3005,325,3001,3007,960,3010,1316,3003,3004,3002
285 1763,3014,3016,873,3019,1460,3011,1640,3018,3013,3017,3012,3015
286 160,3022,3026,3028,3029,3030,3021,3025,3027,3023,3020,154,3024
287 3035,3042,3034,3032,348,3033,3038,3039,3037,3041,3036,3031,3040
288 3050,3043,11,3052,3046,3044,3049,1568,3047,3051,3048,3045,1027
289 3060,149,11,3055,3059,3053,3054,3058,650,723,2063,3057,3056
290 1055,3064,3062,893,348,3067,3065,664,3068,3061,3066,3069,3063
291 3073,3079,3075,3076,1089,3077,3074,1579,3080,3070,3072,3078,3071
292 3083,3088,3085,3086,3092,3089,3081,3090,628,3091,3084,3082,290,2538,3087
293 3100,559,3094,3096,1434,3099,3095,561,977,3098,3097,1438,3093
294 3101,158,3105,3102,3104,3103
295 3110,2106,2101,107,3114,3109,3108,3106,3112,426,3107,3113,3111
296 3115,3118,3122,3126,3116,1487,3124,3119,3117,3120,3121,3123,3125
297 3128,3135,3134,3137,3138,3127,3133,3129,3139,3130,3131,3136,3132
298 3145,3141,3144,1143,3143,3146,3140,3142
299 3150,2003,3148,3151,3155,3153,3147,2008,3154,3152,3157,3149,3156
300 3158,3160,3159,85,717,1927,1418,3161
301 3162,3171,3166,3167,3163,2770,3165,3169,3170,654,3164,1431,3168
302 3172,382,3177,3174,3173,275,3176,3175
303 3184,1904,3180,3179,2425,3178,1712,3183,3186,3187,3182,3181,3185
304 3195,3192,3198,3188,3190,3194,3196,3189,3191,3199,3197,3200,3193
305 3202,3211,948,3206,3207,3205,3208,1143,3201,3203,3209,3204,3210
306 3224,3221,839,3215,3212,3214,3223,3217,3216,3213,3225,3220,3222,3218,3219
307 3226,3233,3230,3231,3232,325,1143,2134,270,3228,275,3227,3229
308 3238,325,3234,3239,3240,3235,3237,3236
309 3250,3244,3245,3243,766,3248,3249,3252,3253,3241,3246,3247,3251,3242
310 3260,3261,3257,382,3258,261,3255,275,3262,3263,3254,3256,3259
311 3268,3266,3267,3265,3264
312 3273,3275,3278,3272,3276,1846,3271,3270,3274,3277,3279,3269
313 3280,3285,3286,3284,107,3287,3288,3283,1329,2862,92,3282,3281
314 3290,3293,3294,3296,3298,3295,3292,3291,3289,3297
315 3303,3302,11,3308,400,3304,3301,3305,3299,3300,3306,1408,3307
316 3312,3319,3315,3316,3310,3314,2318,3313,1086,3317,3309,3318,3311
317 3325,2109,3320,3324,107,2217,3322,3323,3326,7,3321
318 3332,3334,3331,3327,325,3335,3330,261,3329,1895,3328,3333,284
319 586,11,3342,158,3343,3338,433,3344,3340,3337,3339,3341,3336
320 206,3351,3353,3347,3346,3349,3350,3352,3348,3345,3354
321 1873,3358,3357,3355,11,3361,3356,3362,3360,3359,1524,3363,284
322 3368,3369,3365,3366,85,3367,1159,3370,3364
323 3377,3375,3381,3379,3371,3374,3380,3382,107,3378,3376,3372,3373
324 3386,1394,3390,3387,1144,3385,3388,1431,3384,85,1814,3389,3383
325 3394,3395,1557,11,3399,794,3391,3393,2490,3392,3398,3397,3396
326 3400,2225,3406,3405,3403,3401,3404,3407,3408,3402
327 1967,2022,3411,133,3409,3415,3416,890,3414,3412,3410,3413,3417
328 3420,3423,3418,11,3422,3427,3421,3419,149,3426,2888,3425,3424
329 3433,3432,3434,3437,3439,3440,3436,3431,3429,3435,3430,3428,3438
330 3449,3447,3446,3448,3445,2097,1714,85,3443,3441,3444,3442,401
331 3455,3451,3453,3452,3450,107,3458,3461,3457,3460,3454,3459,3456
332 3462,3468,3464,3466,3467,3473,3469,3463,3471,3470,3465,3472
333 559,3476,3475,3477,332,3474,327
334 3482,3478,3483,3480,3486,3487,2988,524,3481,3484,3485,149,3479
335 1836,3494,3498,3492,3489,3491,3497,85,3490,3493,3488,3495,3496
336 3507,3500,3504,3502,3499,3505,348,3506,3503,149,2451,3501
337 3516,3509,3511,3515,107,3510,3513,3514,7,3508,3512
338 284,3522,3526,382,3525,3517,3523,3520,3524,275,3519,3518,3521
339 3537,3535,3528,3534,3531,3540,3538,3529,3541,3533,3532,3536,3539,3527,3530
340 3550,3543,3546,3548,348,3552,3544,2742,3545,3542,3547,3551,3549
341 3377,3553,198,3557,3558,3179,680,3559,3556,3554,3555,3560
342 3563,3562,3564,3561,3565,1480,312
343 3566,3567,641,634,336,642,631
344 3575,3568,3578,3179,3577,3576,3569,3570,3571,3574,3572,3573,1092
345 3590,1916,3583,3584,3588,3589,3579,3581,1913,3582,3586,3585,3587,835,3580
346 3596,3198,3599,3597,890,3595,3591,3592,3594,3600,3593,3598
347 3605,3609,3602,3601,3606,382,3610,3604,3603,3607,275,246,3608
348 2746,1287,3614,3611,3613,3616,3617,2555,3618,3612,3615
349 3621,3482,3624,3619,3625,3620,3627,149,141,3623,3626,3622
350 3630,3631,3632,3635,85,3628,3633,106,3634,3629
351 3636,3638,3310,3645,3641,680,3640,3644,3637,1790,3642,3643,3639
352 3649,3650,3646,3647,3648,53,3653,3652,3283,3651,3654,3363,477
353 3655,3667,3665,3659,3666,3661,3656,3660,3663,3662,291,3657,3658,3664,477
354 3671,3670,3668,526,524,85,2465,3669
355 1834,3674,3568,3672,3676,3678,85,3679,3680,3673,2465,3677,3675
356 11,3683,1287,868,3684,2053,1290,3682,871,872,3681,3685,3686
357 11,325,877,3688,3687,1468
358 3691,3689,3692,3693,3694,3698,3690,3696,3699,3697,3695
359 3711,3704,3709,3708,1508,3710,3702,3705,3707,3701,3706,3700,3703
360 3712,1772,3713,3714
361 3715,1402,3717,3716,3718
362 3726,3723,3724,3728,3721,270,3722,3729,1978,3720,3727,3725,3719
363 3735,3732,3734,3730,2965,3733,3738,3737,3736,3731
364 3745,3739,3747,3740,3742,1521,3744,3746,3749,3750,806,3743,3741,3748,754
365 3758,2898,3753,3754,181,348,350,3756,3755,3752,1092,3751,3757
366 3770,3769,3768,3764,3760,3765,3772,3771,301,3763,3767,3766,3762,3761,3759
367 2897,3775,3075,3779,3774,3778,1562,3776,514,1431,69,3773,3777
368 3782,3781,149,3783,3780
369 3785,3791,3789,1640,348,3786,3784,1927,3792,3790,3787,3664,3788
370 3797,11,3802,3795,1300,3796,3799,3798,3793,3803,3794,3801,3800
371 3810,3812,3811,3809,3804,3808,3807,3813,1394,3805,3806,2337,3814
372 3823,3819,133,3406,3822,3825,3818,3821,3815,3820,3816,3817,3824
373 3827,3833,3834,3836,3832,3830,3831,3835,3826,3828,219,1074,3829
374 3273,133,3844,3842,389,3839,3838,3843,551,3841,3845,3837,3840
375 3854,3856,3847,3853,3857,3846,3855,3851,3849,3852,3850,3858,3848
376 2022,1920,3859,3862,3415,3416,890,3863,3413,3864,3860,1649,3861
377 3869,3867,3865,3868,1807,1508,3866,3871,3870,3872
378 181,3874,3881,3879,3884,3880,3877,3883,3873,3875,3882,3876,3878
379 1763,3891,3889,514,3890,1153,3887,650,680,3885,3888,3886
380 3897,3892,3899,3894,893,3898,2132,3901,3893,3900,3895,3896,2248
381 3904,3902,3903,3907,3905,3906
382 3909,3914,3913,3917,3912,3908,3910,3916,2327,3915,3911
383 3919,3920,2087,3230,3922,1143,3924,3923,3925,3921,3918,3497,284
384 3933,3934,3929,3926,3932,3928,3931,3818,3937,3936,3935,3927,3930
385 3941,3938,11,1387,3948,3942,3943,3947,3939,3944,3945,3940,3946
386 11,133,999,3949,3748
387 3704,3953,3955,3951,107,3952,3950,3954,2271
388 3959,3957,3960,3965,146,3964,3966,3958,3961,3963,149,3956,3962
389 3971,3970,3967,3968,3972,3969
390 3975,3977,3978,461,3981,3974,3979,3976,3973,1155,3980
391 3984,3982,3985,3983
392 1538,4014,4032,4020,3992,2488,3998,3990,2857,4039,4040,3986,4001,4031,4029,4045,4038,4052,3999,3993,4024,3987,4035,4047,4049,4041,4015,4043,4048,3991,4028,4013,4005,4017,4022,4023,4002,4027,4016,3995,1197,3996,4009,3994,4019,4021,4026,4050,4030,4011,3997,3989,4006,4025,73,4034,4044,4000,4008,4003,3988,4018,4046,4007,4010,4036,4004,1544,4033,4051,4037,4012,4042
393 4055,4056,7,4053,4060,1553,348,4054,4059,4058,1517,4057
394 4063,3448,4067,4062,4068,4069,4070,1714,85,4065,4061,4064,4066
395 4075,4076,1387,4077,4072,4071,4074,4073
396 4086,4078,4080,2678,4085,550,4087,4082,4081,231,4079,4084,4083
397 4093,4088,4090,4091,4092,2565,4089
398 4100,4094,529,11,4101,4096,4095,4097,524,4098,4102,4103,4099
399 4111,4106,1011,4108,4104,2098,4114,4110,4112,4113,4107,4109,4105
400 4115,4120,4119,11,4118,1272,4122,4121,680,1394,4116,3024,4117
401 1763,2998,85,4124,4126,4125,4127,4128,4123
402 4134,4133,4135,4137,4140,4130,4132,4131,4129,4139,4136,2201,4138
403 4143,4151,4144,4148,4146,4150,261,4145,4141,4149,149,4147,4142
404 4159,4155,11,4160,4156,4152,4154,4157,4058,68,4153,4158
405 4161,4162,4164,4165,4163,1290,348,350,4166,4167,4168
406 4177,4174,2983,4074,4179,4173,4176,4171,4175,4178,4170,4169,4172
407 972,4188,4182,4184,4187,590,4180,3981,4186,4183,4181,4185,149
408 4190,4195,4197,382,4192,4193,4191,4189,4194,275,4198,284,4196
409 4203,1947,4208,4202,4201,4206,4205,909,2311,4204,4199,4207,4200
410 4212,4215,11,3365,4210,4214,4209,4216,1054,4217,4218,4211,4213
411 11,2829,4220,4223,4225,4227,4222,4224,147,149,4221,4226,4219
412 4254,4255,4246,4238,4244,4266,4239,4241,4236,4256,4237,4242,967,4248,4267,1245,4253,4263,1286,4228,4261,1143,4234,4243,421,4250,4262,4235,4231,4258,4265,4259,4260,4251,4264,4249,4252,4232,4247,4245,4230,4240,4257,4229,4233
413 4276,4278,4271,4274,4272,4273,4268,4269,4275,4270,4279,1408,4277
414 4285,3275,4286,4287,4282,4283,4284,4281,4280
415 904,4289,11,1878,851,4290,4291,620,1525,3360,4288,1285,4292
416 4301,4296,893,4295,4297,85,680,4298,4300,4299,4293,4302,4294
417 4307,4304,11,4303,4312,4309,4308,4311,877,4310,4306,4305
418 4321,4318,4324,4323,4315,4314,4317,4322,4313,4325,4320,4316,4319
419 637,4328,4329,4333,4331,4332,4334,3743,4330,1418,4327,1074,4326
420 4341,11,4343,4345,4340,4337,4342,4335,1589,4344,4336,4339,4338
421 4354,4353,433,4347,4352,4355,4350,4349,859,4351,4346,3876,4348
422 4363,4356,1774,4359,4362,643,4358,4357,4360,4361,3793,1155,4364
423 4368,11,4367,1765,4370,4372,4369,1289,2185,4371,4365,4366
424 803,4373,4376,2434,4377,4381,4378,4379,4375,4380,4374
425 4385,4387,4392,4384,4389,4386,4388,4390,107,4393,4383,4391,4382
426 4396,568,11,4399,1640,2024,4400,4397,617,4401,4394,4398,4395
427 4410,4406,4402,3324,4409,4403,4411,4405,4407,4404,4408,4412
428 4063,4413,4415,85,4414
429 4420,3332,4418,4426,4416,4040,4424,4423,4417,4419,4425,4421,4422
430 3621,4430,4432,11,133,4428,325,1290,4431,3108,3686,4429,4427
431 3171,529,4440,449,4433,4438,4434,4437,4441,4436,149,4435,4439
432 4444,4063,4451,1538,4452,4454,4442,4446,4443,4453,4445,4447,4449,4448,4450
433 4456,4460,4457,1144,4458,4462,4463,4459,4461,1761,1282,4455,4464
434 4469,4465,3775,4060,3778,4468,4467,4466
435 4474,11,4471,4475,4473,4470,4472,2092
436 4477,4476,3588,325,766,4478,4485,4481,4484,4479,4483,4482,4480
437 4486,4488,3260,4495,4496,4493,4491,1180,3604,4489,1181,275,4494,4490,4492,4487,251
438 4499,4503,4504,4498,654,4501,4505,2177,4500,149,4502,4497
439 11,382,4509,4512,4515,4513,4511,275,4507,4508,4506,4510,4514
440 4517,4518,4519,3285,4521,4516,290,4522,4520
441 559,121,4525,111,115,4526,122,335,4523,561,4472,4524
442 4528,4527,11,4531,4533,4535,4530,3497,1385,4532,4529,4534,1408
443 4537,4547,4540,4542,890,4541,4538,4543,4539,4546,4536,4544,4545
444 4549,4551,1635,4552,1539,4553,1155,4550,4548
445 4557,1653,4559,11,4556,133,4558,338,4554,4555,4560,4561,241
446 4563,4565,4562,4567,2219,4566,4569,723,4570,4568,4564,2214,2898
447 4571,4574,4573,4575,4576,4572
448 1029,4582,4585,4584,4578,4579,4577,4583,4580,3120,875,4581,401
449 4595,4063,4590,4596,4587,4586,85,4592,4594,4591,4593,4589,4588
450 4609,4600,4602,4605,4599,4606,4598,4608,4601,4607,4597,4604,4603
451 4615,529,2295,4611,11,4613,4618,4617,4616,4614,3793,4612,4610
452 4620,325,4622,4624,4623,4628,1316,4619,4625,4626,4629,4627,4621
453 3073,3423,11,4635,4634,4636,4632,4638,4637,4151,4631,4633,4630
454 4641,4648,4644,4640,4352,205,4643,4642,4647,4639,4646,4645
455 559,1545,4651,11,3819,4654,4655,560,4649,4652,4449,4653,4650
456 1195,1538,4662,4669,3870,4668,4659,4667,4664,4663,4009,4657,4665,4666,4656,4658,4660,4661,1544
457 4673,2659,2988,4672,4674,4675,4671,2301,4677,1703,4676,3309,4670
458 639,4678,2033,4679
459 4682,4683,4687,4689,1143,4686,4684,4408,4685,4681,4688,4680
460 4694,4692,4697,4691,3179,4690,107,4696,3574,4695,4693
461 4702,3293,4698,4706,4703,4699,1885,107,4704,4705,4700,2337,4701
462 4717,4709,2618,2154,4714,4715,4713,4719,4708,4711,4707,4718,4710,4712,4716
463 4725,848,4722,4720,4726,4721,846,147,4724,4727,149,1474,4723
464 4728,4735,3588,4729,4730,348,350,4734,1394,4732,4736,4731,4733
465 94,4741,4737,4740,4742,85,4738,4739,4743,4123
466 4747,4748,4745,2376,4749,4744,4746
467 1873,11,3588,873,1530,1522,906,4753,4752,4754,4750,1877,4751
468 844,4757,4756,4755
469 1972,4763,4758,4762,643,4761,4767,4764,4765,4766,4768,4760,4759
470 4771,4776,4769,4777,3387,4772,4773,4775,4770,1302,147,149,4774
471 4779,4778,1100,4787,4782,4784,4780,4096,4785,4786,3,4783,4781
472 3192,2074,4795,4789,4792,4791,4790,4794,4793,4788
473 4798,1195,3332,4802,11,1394,2074,4796,4799,4797,4800,4801,2309
474 4804,4807,1384,4309,107,4806,4803,4805
475 2883,570,4527,11,1745,4810,4811,575,4812,4808,4813,246,4809
476 4824,4819,4820,4816,4823,4814,4818,4821,4822,4826,4815,4817,4825
477 4832,4834,4827,4835,3747,4836,2735,4837,4828,3743,3748,4833,4831,4829,4830
478 4842,4843,4840,4841,4839,4838
479 4852,4856,4849,4850,4854,4857,4847,2741,4844,4855,4848,4853,4845,4851,4846
480 4865,4861,4860,4868,4864,4866,4867,3450,664,4859,4858,4863,4862
481 4870,4877,4878,2098,203,4874,1675,4876,4871,4875,4873,4872,4869
482 4889,4882,4881,4885,4884,107,4879,4886,3321,4887,4888,4880,4883
483 1794,1793,1796,4891,1788,1785,1792,4890,1787,1795,1791,1786,4892
484 4893,3942,4899,2360,4898,4895,4897,4896,4894,3425
485 4902,4900,4903,4901,4907,4911,4905,1009,4910,4908,4904,4906,4909
486 4918,4917,4916,3032,4913,3033,2425,4912,4914,4915,3039,4920,4919
487 4932,2086,4928,4921,4925,4926,4922,4927,4931,4924,4923,4929,4930
488 4938,980,4940,4934,4942,4187,4933,4939,4943,4936,4935,4937,4941
489 4950,4945,4948,4952,4946,4867,806,4949,4744,4947,4391,4944,4951
490 4955,529,11,4956,514,4958,4954,4953,4957,4959,3793,466
491 4971,2761,4960,533,4964,4968,4970,4962,4965,4969,4967,256,4963,4966,4961
492 4976,1810,1956,1055,3062,4972,4973,3067,3065,1044,4977,4974,4975
493 3332,2730,4981,4986,4978,325,2729,1612,4982,4985,1152,4983,4984,4980,4979
494 716,4989,4994,4988,181,4569,4992,4991,4987,4990,4995,4996,4993
495 4997,4998,5001,5006,5005,2132,890,5004,5003,5007,5000,4999,5002
496 5011,5009,5015,893,3029,3104,152,5013,5010,5012,5014,5016,5008
497 5017,1764,5018,5023,5022,5019,5021,1758,4371,2475,1761,4366,5020
498 85,5026,5024,5025,4625,5027
499 5033,326,11,5028,5032,3682,5030,5029,321,5031
500 156,5036,5038,5034,5035,5037
501 738,5047,4989,5044,5048,5045,5042,5041,5039,5049,5046,5043,5040
502 5052,5059,5056,5060,5061,5054,5055,551,5050,5058,5057,5051,5053
503 11,348,5062,5063
504 5070,11,1029,5066,2037,599,5071,3380,5068,5067,5065,5064,5069
505 5074,5078,5075,5072,5079,5073,5076,5077
506 529,5083,11,5082,5081,5084,5080
507 2361,2572,5085,5091,5090,348,5088,2142,5087,107,3808,5089,5086
508 5093,3819,232,5094,5092,5095,5096
509 5101,5105,5097,5100,5102,5104,5099,2193,85,5106,5098,5103,101
510 1197,5107,5113,325,5112,5115,2820,476,5110,5108,743,5109,4522,5111,5114
511 5119,5118,11,5120,5116,870,5122,5123,338,5121,1258,5117
512 111,5134,5133,5131,5126,5127,4977,5124,5129,5125,5130,5128,5132
513 5135,1616,99,1402,4766,5137,4768,1907,5138,5136,2898
514 5139,382,5141,5140,275,3229
515 5147,5146,382,5152,5145,5151,5142,5143,5144,5148,5149,275,5150
516 5155,5157,5153,5154,5156
517 5169,5159,5170,5162,5168,5163,5165,5166,5158,5161,5164,5160,5167
518 5177,5173,1454,948,1449,5174,5175,5171,85,1455,5172,1996,5176
519 11,5179,5178,5180,2009,999,3949,3748,5062
520 5186,4735,5182,5181,3314,5187,107,5185,4734,5184,1394,5188,5183
521 4778,529,3126,4611,11,786,5189,5190,5191,5192
522 1332,5196,5194,337,2456,2460,5195,2464,5197,5198,2461,5193,2463
523 5204,5202,5200,5199,3296,5206,210,5203,5201,5205,5207,1111
524 5213,1994,5208,5211,5212,946,5209,1867,5214,107,2931,1418,5210
525 5220,5223,5222,5217,5219,2481,5215,2475,5218,1761,5216,5221
526 5229,5232,5227,5230,5224,5234,5231,5226,5233,5225,5235,5228,177
527 5241,5238,4761,5240,1301,5237,5236,5239,5242
528 5243,5250,5247,5248,5245,2654,5249,2655,5251,5244,5246
529 5256,5252,5255,3028,5261,5259,5258,5253,5094,890,5257,5260,5254
530 4372,1387,5264,5265,5262,5267,107,5263,5266,5268
531 1195,5273,5274,11,4491,325,5271,5275,5269,5272,5276,5270,2309
532 5285,5278,5280,2365,5283,1714,85,1645,5281,5284,5279,5277,5282
533 559,5286,561
534 5291,5293,5295,5288,325,5287,5289,5294,5292,5290
535 5298,5300,87,3448,5303,5302,2490,1714,5297,90,5301,5296,5299
536 5314,5311,5308,5309,5307,5315,5312,5304,5310,5306,5305,5313
537 5322,5324,5320,5316,4767,5319,5137,5325,5317,5321,5318,2337,5323
538 5329,5327,1227,5326,5331,5332,5330,5328
539 5336,11,1241,5337,5339,5338,275,5333,5335,969,5334
540 5342,4077,1722,5340,85,5344,5346,5345,5347,5341,5343
541 5354,5350,5348,5352,1262,5351,5355,2757,5356,2762,2764,5357,5353,2755,5349
542 3172,382,5360,5365,5359,5366,5361,5358,5364,275,5363,5362,1311
543 5371,658,11,5367,5374,654,1490,5373,5375,5370,5372,5369,5368
544 5390,3838,5387,5379,5388,5376,766,261,5386,5380,5385,5383,5377,5384,275,5378,5392,5389,5381,5391,5382
545 5399,5400,1491,5394,5401,1299,5396,5397,5402,5393,5395,5398
546 5404,5406,5409,5403,5407,85,5408,5411,5410,2448,5405,321
547 5423,5415,5412,5416,5419,5414,5424,5418,5417,5420,5421,5413,5422
548 5428,4716,11,5426,5425,5429,302,5431,5430,4117,5427,2197
549 5433,5434,5437,30,5432,5435,5436
550 5438,69,524
551 5439,5444,5441,5448,5442,232,1072,5446,5447,5445,5443,219,5440
552 5450,5452,5454,5458,5453,5456,5459,5457,5455,5451,3182,5449,4564
553 5471,1197,5472,5465,5460,5473,5463,5464,5466,5470,5462,5468,5461,5469,5467
554 339,2465,2457,851,2464,5474,2460,5479,5476,5475,4859,5477,5478
555 4870,5485,5486,111,1904,5483,5484,2556,455,5482,5481,5480,459
556 5488,5487,203
557 5489,5490,5491
558 5494,5492,5493,3983,5496,2239,3809,5495
559 5500,11,4415,5499,5501,5497,85,5502,5504,5503,5498
560 5506,3195,5508,5509,3192,5510,3198,3199,546,3457,5507,5505,3193
561 11,325,5512,5514,5511,2193,5516,5517,5518,275,5515,5513,321
562 143,5522,5526,5525,107,5529,5524,5520,5519,5523,5521,5527,5528
563 5534,5530,4588,5000,5535,191,67,5532,815,531,5533,5531,4366
564 1580,5536,514,1081,85,5538,5537
565 1873,905,5540,11,1877,5539
566 5547,5542,5548,5545,2193,5546,5551,5552,5543,5549,5544,5541,5550
567 5557,406,5562,1402,1397,5553,5559,5560,5554,5556,5561,5555,5558
568 5573,5572,5566,1072,5565,5574,5567,5563,5568,5564,5570,5571,5569
569 5576,5577,5575,11,5580,654,665,5578,149,1027,5579
570 5590,5583,5589,5591,5588,5587,5592,5582,5586,5581,5585,5584
571 5593,5601,5597,5602,5595,5598,5599,5594,5600,5596,4929,5603,1997
572 5604,325,479,3971,483,60,5605,474,5606
573 5610,5608,5611,5612,447,5609,5607
574 5616,5617,5614,1538,5618,5615,1544,1545,4450,5613
575 5624,5623,5621,5622,1575,5619,1283,5627,2615,1525,5625,5626,5620
576 5632,150,5634,5630,5629,5631,5635,5636,5633,5628,1394,5637,5638
577 5678,5650,5669,5675,5653,3288,2311,5667,5668,5647,5651,5648,5671,1019,5654,5672,5673,5643,5644,5677,5660,5665,5664,5670,2493,5652,4042,5655,5646,5658,5674,5649,5659,5666,951,3369,5641,5661,5676,5642,5645,1204,1018,5679,5639,5657,5662,5640,105,5656,5663
578 5689,5686,5682,5684,4946,5690,5683,5685,5215,5680,5681,5687,5688
579 5700,5692,5699,1259,5701,5695,5693,5691,5702,5696,5698,5703,5704,5694,5697
580 1763,5706,5709,5715,5705,5711,5707,5712,5716,5708,5710,5714,5713
581 5719,5720,5717,5722,5726,5721,5727,5718,5728,5724,5725,4455,5723
582 5731,2043,5732,5734,5736,5323,5735,413,5733,5730,5729,5737,1397
583 5748,5749,5738,5744,5740,5742,5741,5739,5743,5746,5747,5745
584 5761,5752,5753,5754,5757,5750,5751,5756,5758,5755,5759,5760,466
585 5763,5765,5767,5023,5762,5768,5770,107,5769,5764,1394,5766
586 5771,5777,5773,2185,5774,2188,2281,5778,5775,5776,5779,297,5772
587 5781,325,1365,5784,5783,5780,5782
588 5788,2199,2211,5795,5790,5796,5786,5791,5792,5787,5785,5793,5794,5789
589 5798,5799,5800,5797,5801,5803,5802,1038
590 529,11,5809,5808,5811,5805,5804,5812,5806,2337,5807,5810,1397
591 5815,5813,5814
592 3797,11,2996,5819,4060,5818,5820,5816,149,5821,5822,1027,5817
593 5823,4628,5826,5824,5825
594 5832,5829,1711,5830,5833,5831,5834,107,5827,1829,3070,5828,4455
595 2128,529,2225,5838,3338,5835,5836,526,5837,524,3778,3030,2898
596 559,5839,3819,5841,5842,1278,560,155,4649,5840,5843,1545
597 4285,5849,2115,5850,5844,2121,5851,5852,1584,5848,5845,5846,5847
598 5859,5856,5857,5862,5863,5855,5864,5854,5853,5861,5860,5858,1210
599 5902,1538,5889,5903,5871,232,5865,5895,5890,5898,5878,5875,1545,5868,5883,5884,5886,5900,3586,5870,5894,4450,5876,5892,5877,5888,5873,5867,5880,5899,3318,5869,5882,5874,5872,5885,5891,5896,5866,5881,5893,5897,5901,5887,1534,5879
600 5914,2601,5912,1711,5905,5910,5911,5906,5904,5913,5907,5909,5908
601 5920,5922,5917,5915,893,1806,1805,5921,5923,838,3219,5916,1808,5919,5918
602 1394,5932,766,5931,5926,5924,5927,107,5929,1086,5925,5928,5930
603 5938,5941,5939,5936,1411,5937,5935,5933,5940,5934
604 2883,570,5947,11,5945,5946,5943,5949,5942,1733,5950,5944,5948
605 3959,5953,3075,5955,4468,1142,5951,1415,4466,5952,5954,5956
606 5957,3248,5958,5959,3354
607 5966,5968,1557,5960,5965,5964,5962,5961,5963,5967,5970,5969
608 5971,5974,1876,5976,1711,5905,4068,4567,5977,5978,5972,5975,5973
609 5982,5987,5985,5984,85,5983,3574,5979,5980,5986,5981
610 5992,5350,5348,5692,5989,5990,1259,5996,1612,5988,5991,5993,5994,360,5995
611 5998,5999,5997
612 6002,5023,6000,6004,6001,6005,6003
613 6014,3075,1711,181,6009,6010,6011,6013,6006,6012,4593,6008,6007
614 5139,6015,2128,382,377,5360,6018,5364,275,385,5363,6016,6017
615 6020,6025,1580,6022,1029,6026,6019,2212,6021,2217,6024,5236,6023
616 6033,6032,6036,6028,6027,6031,2425,6030,6035,6034,4736,6029,2042
617 6037,6038,6040,107,6041,14,6039,3377
618 6048,2115,2128,6044,6046,526,6049,4921,6047,3149,6045,6043,6042
619 6052,6059,6057,6058,6051,6054,6055,85,1389,6056,1159,6053,6050
620 2493,6063,5777,6066,6065,6061,2204,6068,813,2210,6069,6060,6064,6067,6062
621 6070,11,1510,1278,400,6074,1301,6072,6071,6073,6075,1996,5242
622 6078,2115,2934,6080,526,6081,6082,524,2360,6077,6076,1396,6079
623 6086,6083,6092,6090,6084,995,3652,6088,444,6089,6087,6091,6085
624 3984,6094,1144,6099,6095,6096,4173,6098,2256,6100,149,6093,6097
625 6101,11,2074,6104,6102,6103,1525,5603
626 6112,6110,6059,11,6108,6105,85,6106,6107,4065,444,6109,6111
627 6120,6116,6113,6121,6117,6119,6115,3843,2013,2004,6122,6118,6114
628 6126,4976,6128,3561,6127,6129,6125,5129,6130,6124,1826,3612,6123
629 6133,6134,1935,6132,6131
630 2087,6142,6141,6143,3918,3090,6139,6136,6137,6140,6138,6135,4930
631 5371,529,11,4152,6146,6150,6151,6147,4335,6149,6145,6148,6144
632 6155,6154,6153,4782,4784,6159,4785,6158,6157,6152,4435,4153,6156
633 6162,4390,6161,6160,6163,3015
634 6175,6166,6165,6172,6168,6164,6173,6174,6176,6171,6167,6170,6169
635 6180,3646,11,673,6179,6181,6178,6177,107,6182,1308,4401
636 6185,6183,6191,6190,181,6188,5977,6184,6186,107,6189,6187,1708
637 6202,4493,6209,6200,6203,6199,278,1180,6197,6195,6198,6206,6204,6194,6196,6205,6208,6207,275,6192,6193,237,3604,6201,6210
638 6211,6215,6214,107,2780,6213,6212
639 6223,5648,6225,6217,6216,4312,6220,6221,6219,6224,6222,6218,6226
640 6231,11,6232,133,325,6229,6228,6227,869,6233,6234,6230,284
641 1794,1793,4903,1785,1792,6235,5166,6237,6236,6238,6239,1795,1786
642 6242,1197,6241,6245,6244,6240,6243
643 6248,5598,6250,6255,6247,6252,6251,107,6254,6249,1394,6246,6253
644 1227,2288,1236,6262,6257,3744,6258,6261,5332,6256,1234,6259,6260
645 6271,6268,6270,6264,6263,2484,3574,1761,2475,6269,6266,6267,6265
646 6272,6279,6273,6275,6274,6280,6277,6281,6276,2105,6278
647 6283,4096,6286,6287,6290,6291,6284,6285,447,6282,3,6289,6288
648 6293,6299,6297,6294,6292,6301,6298,6296,6300,1418,1761,6295,3757
649 6308,6306,6303,6302,107,3117,3120,6304,6307,6305
650 6316,6310,6315,6321,6314,6312,6318,6317,6311,6309,6319,6320,6313
651 6325,6322,6330,6332,6328,6329,6334,6333,6324,6327,6326,6323,6331
652 6342,6341,3584,6343,6337,6338,2415,6339,3581,6344,6345,3586,6340,6335,6336
653 6349,6348,6350,824,6346,6347,6351
654 6355,6353,198,6358,6357,6360,680,6359,6354,6356,3041,6352,466
655 6364,6361,5914,4772,2219,2216,2212,85,6362,1885,2217,6365,6363
656 6367,5939,6366,6378,5866,6373,6369,6374,6368,6370,6371,6372,6375,6377,6376
657 6384,1920,6379,11,4431,1290,866,6103,6381,3520,6382,6380,6383
658 6361,1580,6388,6389,5579,2212,6390,107,2217,6387,6365,6386,6385
659 6395,1197,6398,6400,4085,6396,6393,6402,6397,1975,6391,6399,6394,6392,6401
660 6410,6409,1029,6404,4761,6403,6407,6408,6406,149,2377,6405
661 326,6415,11,133,6411,6416,325,6412,3682,107,6414,6413,6417
662 6420,374,6422,6424,6419,6421,2327,6418,6423
663 6427,6429,1920,11,6428,766,1244,6426,6425
664 6430,6436,4988,6435,6433,1487,6432,6434,1447,395,6437,6431,401
665 559,6443,121,115,111,122,6442,4523,6440,335,6441,6439,6438
666 11,6448,6449,2028,3391,6450,6451,5865,3416,6447,6446,6445,6444
667 6453,6455,6457,6458,6454,6452,6456
668 6461,6462,1384,6459,2142,6460,107,6464,6465,6466,6467,4116,6463
669 6472,299,6470,6474,6473,6476,6479,6480,290,6469,6478,6475,6477,6471,6468
670 3290,6483,4816,4067,3467,6482,6485,6488,680,6481,6484,6487,6486
671 6490,6489,6493,6492,442,4974,6491,6243
672 6499,6494,308,6328,5709,6495,6498,6497,943,6496,6500
673 6501,6502,6503
674 6508,1355,6510,6505,6252,6512,483,6507,6504,6506,6513,6509,6511,3113,477
675 1426,1427,6514
676 6519,6516,11,6517,6521,6522,308,6523,6520,5898,6515,6518,3643
677 6526,6525,6530,3929,6531,6524,6532,890,6527,1143,3818,6528,6529
678 325,390,6533,6534,6535,3840,2248
679 6541,4527,6539,11,6537,6538,5062,6536,6543,6542,2470,5135,6540
680 6545,1289,6544,1677
681 6546,6549,6553,6547,6552,6548,6554,6551,6550
682 6559,6564,6557,6561,2217,6556,4744,6562,6560,6555,4974,6563,6558
683 6565,6570,6567,1640,107,6566,6569,1600,6568,7
684 6573,6576,6579,6571,6577,6578,6572,6580,6574,6575,5164,6581
685 6587,6589,6588,2988,6583,6586,6585,6584,6582,3627,149,4774
686 4460,6594,6597,6592,124,6590,6593,6599,6596,6591,5098,6595,6598
687 6602,2193,3861,6600,6603,6601
688 11,4152,6608,181,6010,2460,6609,6606,6610,3057,6605,6607,6604
689 6611,4288,6612,1725
690 2493,6620,6622,6615,1107,6621,6617,4965,6613,6616,6618,6619,6623,6614,251
691 6624,1653,3334,6626,6627,6629,5044,6632,6628,6631,4685,6630,6625
692 6635,6633,6634,6320
693 6637,1892,6636
694 6638,6640,6649,6639,6645,6646,6641,6644,6648,6643,6647,815,6651,6650,6642
695 6653,6652,6654
696 6657,299,6656,6661,6660,6655,6658,6659,290,6662,6663,6475
697 6667,6666,3564,6664,6665,6668
698 6676,6675,6677,6674,6670,6671,107,194,6672,6673,6669,5954
699 6681,6679,278,6680,6688,6687,6683,6686,6684,275,6678,5386,6685,6682,251
700 6697,2898,6695,3778,524,6690,6696,6692,6693,6698,6694,6689,6691
701 6700,6704,11,3059,6702,6703,6705,6699,6701,447,6706,1589,4117
702 6715,6718,6713,6707,6712,6716,6708,6714,6711,6717,6710,6709
703 6722,3561,6721,6720,6719
704 149,11,6729,6723,6728,660,6727,6726,6724,3424,1027,6730,6725
705 6732,6731,3130
706 6736,1387,3312,6733,1876,6735,6737,680,982,6734,6738,943,4751
707 6741,11,6749,6746,67,6745,6743,6744,6739,6748,6740,6747,6742
708 6752,4571,6750,6751
709 4609,4602,6758,6754,6753,6755,6757,6756,6759,4603
710 6763,6761,2766,6764,11,655,6765,6318,6760,664,6762,3419,149
711 4077,107,5340,6767,6766
712 6770,6769,6768
713 6772,6773,6779,6775,6777,6782,6776,6778,6774,6771,6781,6780
714 6786,6787,6784,6793,2914,6788,6785,6792,3540,6783,6794,6790,6795,6789,6791
715 6801,6798,6796,6800,6802,6799,6289,6797
716 6806,3520,3263,247,325,6810,6805,6803,6206,6804,3771,6813,275,4568,6812,6811,6814,6807,6808,2129,6809
717 6818,6817,6816,6819,1009,6820,6815
718 6283,3778,6826,6821,6823,6824,6825,6822
719 1414,2987,3482,6832,6833,6829,6827,4646,6828,6830,6831,823
720 6838,6840,6844,6836,6842,6843,6835,85,6841,6834,6837,6839
721 6852,6850,6853,6848,6849,1095,6845,6851,1431,6846,4435,6847,4153
722 4556,6854,6862,6858,6687,6861,275,6855,6860,6857,6856,260,6206,6859
723 6867,6865,4890,4640,6871,1682,6870,6863,6864,6868,6869,6866
724 6874,6879,6873,6878,6877,6622,4208,6872,2185,6875,6876,321
725 5573,1763,6885,5508,6886,6880,6882,3415,1258,6883,6881,2602,6884
726 6893,6889,6891,6890,6888,6887,6892,4930
727 6899,6894,6897,6898,6895,6896
728 637,639,2033,6900
729 6903,3028,3473,152,3463,6904,6905,6907,6902,162,6908,6901,6906
730 6913,1,6915,4060,6911,6909,3905,2217,6912,6910,6914,3323,3876
731 6918,6919,6920,6917,6916,3508
732 6928,6925,6924,6926,6929,6923,6921,6922,6927
733 6932,6937,6935,6931,2366,6933,5158,5164,3963,6936,6930,6934
734 11,3684,6946,6940,6942,6944,6938,6943,2070,6941,1089,6945,6939
735 6947,6948,6951,348,654,6950,149,3876,6949
736 6958,6955,5071,6952,6957,107,6953,6954,1761,1418,6959,1683,6956
737 6965,6968,6960,6969,6966,6962,2743,3702,6963,6967,6964,774,6961
738 6971,6970,6972,6973,2648,275,6974,6975,251
739 6980,4460,6983,6977,6976,6978,124,6981,6982,5098,4412,1074,6979
740 4120,6987,6985,6990,11,4742,6986,6984,6989,6988,3616,2470,2377
741 844,6991,6993,6995,6992,6994
742 7000,6998,7001,6997,7002,6999,6996,3905,5861,7003
743 7007,7004,7006,7005,7009,7010,7008
744 107,7012,6998,7011
745 1320,7019,133,7013,232,890,7015,3360,7016,7014,7017,7018
746 7025,7026,7031,7020,7032,7024,7027,7021,7023,7028,7022,7029,7030
747 7037,7038,325,2097,7039,7033,7036,7035,7040,7041,7034,7043,7042
748 7062,7047,7044,7049,7057,967,7055,7054,7053,7051,1143,3586,5824,834,6640,4265,7050,7060,7059,5915,4264,7061,7045,7048,7058,7046,4986,7052,7063,7056
749 7070,7069,6810,919,911,7066,913,7072,7064,7067,909,7065,7071,7068
750 7073,2702,3178,1330,7075,7076,7078,7074,7079,105,5561,7077,4083
751 5914,2221,7080,7084,181,261,5904,7083,6356,1415,7081,7085,7082
752 7096,7088,7097,7099,7098,7091,838,7095,7092,7090,7087,7086,7089,7093,7094
753 7105,7026,7104,7032,7107,7108,7106,5010,7100,7102,7103,1790,7101
754 7115,7111,7113,7114,5337,232,1640,3380,348,7110,7109,1826,7112
755 7120,11,7117,794,7118,7116,3392,7123,7121,7122,7119,3396
756 7124,1677,7127,7125,7128,7129,4383,7126
757 7130,7131,7139,4782,7132,7136,7138,7137,7140,7135,7141,7134,7133
758 7146,7144,7147,7142,7145,7150,7143,7151,7148,1640,261,348,7149
759 7154,891,3464,2259,3473,3463,7155,2261,151,7152,2255,2257,7153
760 559,7160,11,1985,562,560,7162,7156,7158,7161,7157,7163,7159
761 3797,7171,6540,7164,7170,846,7168,7165,7169,2200,7167,4497,7166
762 7179,7173,7176,133,7175,4309,7181,136,7180,7172,7174,7178,7177
763 7188,7191,7192,7195,7185,7184,7193,7182,7189,7187,7190,7194,7186,197,7183
764 7197,7196,7200,7199,2606,232,348,7198,2598,2597,1308,2602,7201
765 7210,7211,7215,7208,7207,7216,348,7209,7217,7203,7212,7219,7205,7202,7218,7214,7220,7221,7206,7204,7213
766 7223,7226,7229,7227,7224,7222,7228,7225
767 7232,3423,1659,1656,308,7233,7235,7230,7109,7234,6834,3669,7231
768 11,3052,7241,7244,524,7238,7240,7242,7243,7236,7237,7239,2898
769 639,2032,2033,2031
770 1023,7248,2295,11,654,644,7247,7246,7250,652,7249,7245,7
771 7260,7257,3343,158,7253,7258,7251,7252,7256,6236,7259,7254,7255
772 7264,1920,4307,11,2281,3520,7261,7262,7266,3682,7263,7265,6383
773 7269,7271,2115,5849,7273,7274,7267,7272,7268,6863,7270,4646,7275
774 2493,7287,7280,7288,7286,7277,7283,7276,7279,7281,7278,7285,7284,7282,4042
775 499,5629,856,7291,7292,7290,1714,7293,498,7289,1996,6212,477
776 7322,7329,7320,7302,7304,7316,7308,7299,7311,7319,7295,7318,7330,7301,7294,7297,7315,7326,7307,7309,2493,7306,7296,7298,7310,7328,7303,7314,7312,7317,7327,7300,7305,7333,7321,7332,7331,7313,7323,7324,7325,5523
777 7248,1029,11,3052,6705,7337,7335,4616,7334,5999,1027,4339,7336
778 7339,7342,7341,7343,7338,7340
779 572,7351,7349,7347,7346,7354,7350,7352,7344,7345,6155,7353,7348
780 285,11,382,325,7360,5339,7358,7355,275,315,7356,7359,7357
781 7363,7364,149,6153,7362,846,7361,7365
782 7366,2366,7367,2359,7368
783 7375,7373,1387,4816,7372,2374,7370,7376,7377,7371,7374,7378,7369
784 3590,7387,5572,7382,7381,7383,7384,7385,7386,1418,7388,7379,7380
785 7390,11,7392,7396,7391,899,7397,7393,7394,7389,7395,1468,2377
786 247,7405,7406,7407,7403,7402,7399,7404,7400,7401,275,246,7398
787 7415,7413,7412,4156,4154,7409,7416,7408,7414,7410,6289,7411,3377
788 7418,5824,7420,7419,7421,107,2593,106,7422,7417
789 7430,7428,6116,2008,7423,7426,6117,7424,7425,7427,7431,7429,2002
790 5643,7432,7440,7436,7433,7438,3552,3544,7435,7437,7441,7439,7434
791 7442,7451,7444,2193,7446,7448,7450,3018,7447,1761,7449,7445,7443
792 4563,7455,4418,7454,7458,4570,7453,7459,7452,1635,1539,7456,7457
793 7462,7464,7465,7461,7460,7466,7463,2898
794 11,7471,7467,348,4613,7469,7472,7470,7246,4224,5369,149,7468
795 7478,7482,7473,67,7474,7116,7477,7481,7483,7479,7480,7476,7475
796 7486,7487,7488,7493,7491,7484,7485,7490,7496,7494,7495,7498,7492,7497,7489
797 7499,7502,349,7501,85,5524,7500
798 2043,7506,7504,7505,2320,4569,7510,7503,977,107,7507,7509,7508
799 7513,7512,7511,7514
800 7521,7523,7524,7518,7522,7525,7526,7517,7515,7520,7519,6085,7516
801 1195,7527,11,2773,7528,7535,3450,7529,7534,7531,7530,7533,7532
802 7538,150,7536,2043,7540,80,143,7537,7539,3213,69,591,7541
803 7545,3104,7548,7549,7543,7547,7542,4330,3743,1074,7546,7544,4200
804 1962,7550,7551,1152,1957,1597
805 7554,7553,7555,348,7556,7552,7557,251
806 7563,7559,7565,7560,7561,2132,7564,7558,7566,1143,7567,284,7562
807 7568,7573,7575,7571,7574,7569,7572,7576,7579,7570,7578,7577
808 7582,7584,2009,5145,7583,7580,275,7581
809 7585,7590,6838,7586,7587,7588,7589,2233
810 7598,3215,7597,1254,7592,1612,7591,1255,7595,7593,7596,7600,7599,7594,7601
811 7607,7606,1197,7604,7612,7608,551,7603,7605,7609,7602,7611,7610
812 7621,7617,7620,7618,1774,4152,7614,4359,6849,7619,7613,7616,7615
813 7626,5178,7628,7624,7623,723,7629,2318,107,7622,1394,7625,7627
814 6697,1580,7633,7635,7639,7636,7637,7630,3662,7638,7632,7631,7634
815 3563,7643,1387,7646,7641,2145,7640,7647,6016,7645,7642,312,7644
816 7649,7656,7651,7653,7654,7648,7650,7655,7652
817 958,7658,7662,7664,7659,7661,325,7665,7666,7657,7667,7663,7660,474
818 5859,7668,7675,7676,7673,7669,7672,3847,7674,7670,7671,5405
819 7680,7679,7678,7677
820 7681,7683,7684,7692,7682,7426,4498,7686,7688,7693,7690,7691,7689,7687,7685
821 4919,7698,4556,7701,7696,7694,7697,7699,1749,7695,7700
822 7702,7703,7704,7708,7709,7706,7705,7710,7707
823 7713,1387,2370,7715,680,7716,7714,7712,4801,7711,7717,7718,2377
824 7720,7722,7724,7721,7723,7719
825 3982,7725,3983
826 7727,7728,1956,1055,7730,7733,7731,7729,1043,7726,7732,6243
827 6640,7736,160,7739,5749,3272,2455,7737,7735,7738,7734,6927
828 7741,1029,6036,7743,7745,7742,6035,7744,987,7625,6034,2042,7740
829 7746,997,325,7749,7752,4273,7663,7751,3720,7748,474,7750,7747
830 7753,7754,7762,7756,7760,7761,7758,7759,149,7757,7755,2379
831 7768,7766,7769,7763,299,7773,7772,7774,7765,7767,7770,7764,7775,7771,7776
832 7778,7782,7777,1289,2973,838,2018,551,7781,7779,1331,2021,7780
833 7232,7787,7783,2576,7788,679,7622,7789,7625,7785,7784,7786,7790
834 5623,7791,7794,232,7793,7797,6527,7795,7796,7798,7799,7800,7792
835 2316,2319,7804,7801,7806,7807,7809,7808,7805,7810,7803,7802,4630
836 4094,7818,6589,7816,7811,7813,7814,2643,614,7815,7817,7812,7255
837 7821,6262,1232,5331,7824,5332,2558,7823,7820,7819,6259,7825,7826,5328,7822
838 7837,7831,7833,7832,7835,7836,7827,7828,7834,7829,7830,838
839 7840,1013,7843,2490,5158,7844,5164,665,7841,7839,3407,7838,7842
840 7849,7851,7855,5669,7846,7856,7854,7845,7853,7852,7847,7848,7850
841 7868,7862,7865,7857,6400,7867,7863,7859,7858,6393,1613,7860,7861,7864,7866
842 7869,7871,7872,7876,7877,1072,7874,7873,7870,7878,7875,1555,1241
843 7907,7903,7892,7888,7899,7904,7895,7897,7887,7889,7900,7886,7880,7906,5939,7885,7884,7879,7905,7882,7893,7898,7901,7902,7891,7896,3146,7894,7890,7881,7883
844 7908,7910,4762,643,5137,5135,7909,7911
845 3775,5955,514,7914,1751,4466,5952,5954,3777,7915,7912,7913
846 3272,7917,7918,7919,7916,2119,7921,7920,7922,7924,3461,7923
847 7933,7929,7928,7080,7930,7931,7926,7932,7927,7934,5037,7925
848 7935,7944,6270,7936,7938,7943,7940,7939,7946,7937,7942,7947,7941,7945,355
849 7954,7840,7948,7952,7951,7950,7953,5164,7957,7956,3407,7955,7949
850 7960,7961,7959,794,7964,7963,7965,107,194,7966,7962,7958,7
851 1023,7967,7971,7970,7974,7973,7968,194,1927,7972,7969
852 7978,7975,7976,1510,1904,7980,1385,7977,7979,7982,1408,4270,7981
853 3358,7990,7989,4187,7984,7985,7988,7987,6276,5716,7983,1155,7986
854 418,7993,7991,7992
855 1648,7997,7669,1013,7994,893,8000,7998,8001,7995,7996,3407,7999
856 5849,8005,8003,8004,4144,3351,4352,1676,8007,7431,8002,8006
857 8014,8015,8019,8012,8011,8010,8013,8018,8009,8016,8017,607,8008
858 8024,8022,8020,8025,8021,8023,8026,8027,2600
859 8037,8034,794,8032,8033,3863,8031,8036,8030,8035,8028,8029
860 5232,8047,8039,8042,8040,3463,8044,8045,8041,5008,8043,8046,8038
861 559,121,8049,8050,8048,335,6439
862 8053,8057,180,8051,8055,5553,8058,8052,6498,3323,8054,8056,1397
863 8062,8060,8063,8061,8059,8065,5445,8064
864 8068,8067,8072,8071,8077,8066,8073,8069,8074,8075,8070,8076,1089
865 8082,2504,8081,2509,1788,8080,8079,2505,2510,8078,1790,7544,8083
866 406,8084,3668,1774,1402,8086,5559,8087,8088,8085,404,8089
867 8094,8099,8090,8093,1143,8092,1316,8098,8091,8100,8096,8095,8097
868 8108,6388,8101,181,8104,348,8103,8106,614,3662,8107,8105,8102
869 1873,8116,8111,3075,8110,8113,8109,1444,8114,8112,5236,8115,392
870 8118,8124,8125,8119,8117,85,8121,8122,8123,1761,8120,6246,3757
871 8131,8133,8127,8135,8136,8130,8132,8134,8128,8137,8138,8140,8139,8126,8129
872 559,8143,560,122,5062,561,564,8144,8142,8141,2391
873 1904,8149,8150,8152,8148,8145,4744,8147,8151,8146,69,607,1474
874 8155,6400,8154,8156,8161,8158,8162,8157,8159,4256,8163,8153,7359,8164,8160
875 8169,8166,8172,3293,261,8165,5137,8168,8171,8173,8170,8167,8174
876 8177,8176,7443,308,8178,8175,8180,7449,8179,4083,321
877 8182,8183,8184,4990,8181
878 8186,948,8189,8190,1460,8192,2405,8193,8188,85,8185,8191,8187
879 4865,1384,6695,8195,524,8194,4921
880 8202,8196,8198,2012,8199,3384,85,995,8197,2565,8200,8201,1943
881 1763,8206,8205,2142,107,3503,1383,8203,8209,5191,8208,8207,8204
882 4034,8215,5992,2491,8214,4041,4015,8212,4019,4021,1544,4022,8210,8213,8211
883 8221,5548,8218,8224,8219,8223,8220,8222,107,8217,1761,8216,5541
884 8227,891,8225,5255,8226,5258,8230,8228,6320,8229,5254,1426,8231
885 8233,8232,8234,8240,8241,5572,3853,8237,8242,8235,8236,8238,8239
886 8245,8248,8250,8243,8247,8246,11,1612,8244,1934,7424,8249,8251
887 1055,8257,8252,8254,8255,8256,8253
888 2883,11,8262,325,4036,8261,5865,2880,8258,8263,8260,8259
889 8266,8269,8265,4144,8267,8268,8270,645,8264,8271,8272,1132
890 7274,8274,8275,8277,8273,8276,4646,8278
891 8285,1197,1606,8286,8280,1583,4626,8281,8283,8284,8279,8287,8282
892 572,4165,8290,4635,181,8291,8292,8288,8289,2062,107,1329,3878
893 1856,8316,3667,8313,8296,8303,8298,8319,8321,3108,8306,4237,7215,8302,8328,8295,8299,8304,325,8327,8312,2076,3656,8322,8308,8311,8294,8315,6550,8293,8324,8300,8301,8305,8331,8307,8329,8330,4270,8310,8320,8317,8314,8297,8323,8318,5347,8309,8325,8326,1420
894 8333,3331,382,325,8335,8340,8336,275,8337,8339,8338,8334,8332
895 8345,8344,8343,8346,107,8342,8341
896 2003,8350,325,8347,8349,3157,4484,3149,1978,8348,4482,1757,3156
897 7,8352,5604,8356,8358,8359,325,8353,1507,8354,8357,8351,474,8355,4351
898 8367,8362,8368,5939,8363,8361,8369,8365,5473,8366,8364,8370,7086,8360,955
899 8371,5311,8376,8374,8379,8373,8378,8375,8377,8372
900 1306,8381,2890,11,3708,8382,1935,5235,6155,149,8383,4117,8380
901 3257,382,8385,275,5363,8384
902 8388,2456,8387,2102,8386
903 8391,8393,4100,8392,8389,8395,8390,5164,8398,8394,8397,8396
904 8403,8406,954,8408,5572,8405,8407,3828,8404,8399,8401,8400,8402
905 8410,8413,8412,8415,8010,8417,8411,8414,8418,107,8416,1761,8409
906 529,8421,8422,1626,8419,8420
907 8430,8429,11,4192,4309,8423,8426,8427,8428,8425,3318,8424,8431
908 8438,559,8440,8435,8434,8439,8432,8436,335,8437,8433,327
909 8442,973,8443,8441
910 8447,8444,2154,8449,8451,8446,8445,8453,8455,8448,8450,8454,8452,8456,2151
911 1195,8457,8468,1613,8458,1197,8466,8465,8467,8460,8461,8464,8462,8463,8459
912 8471,8474,8473,1920,11,8470,8469,8472,315,1534,3417,1468,321
913 8484,4834,8476,8483,325,8481,8480,3743,8477,8475,8482,8478,8479
914 8486,3261,3257,5141,5360,2129,376,275,8485,251
915 2883,1920,11,1,886,8488,664,8487,2311,6163,5948,8490,8489
916 750,8496,7306,8494,8491,1460,8497,8492,261,8495,8493,3750,1152,5785,955
917 6516,8499,2284,8498,8501,80,8500,8503,8502,4593,8504,1155,5537
918 4307,8511,11,8509,3603,8507,8510,2142,5473,8512,8505,8506,8508
919 3172,8517,8514,8520,8516,8519,8513,275,3176,5363,3175,8518,8515
920 8521,8522,6751
921 8527,1384,2141,8526,8523,8528,2142,680,8525,1274,4116,8524,679
922 8532,1711,8529,1358,6460,3773,4054,1885,447,8531,3052,8530,6385
923 8537,8534,11,8539,8540,8541,3948,2719,8533,8536,8535,1285,8538
924 8542,4571,7296,8544,5660,8543
925 6059,8551,8546,11,948,181,8549,8545,8548,8550,680,8552,8547
926 8561,8554,8563,8560,8559,8555,8558,890,8557,8553,8562,8556,8231
927 2572,8569,8568,8564,8567,8570,494,1640,6057,6058,6246,8565,8566
928 8577,8576,8578,8579,8573,3080,85,8581,8572,8574,8575,8580,8571
929 3073,149,8586,8585,529,8588,11,8584,1394,8583,8582,8589,8587
930 8592,8597,8595,8598,5774,8222,7807,8594,8590,8596,8599,8593,8591
931 8601,351,8600,5773,8603,8602,8604
932 1920,8610,8612,8605,8609,3926,3937,8606,8607,5793,3860,8611,8608
933 7978,7975,8613,8617,8620,1385,7981,8615,8618,8616,8619,1408,8614
934 6279,8623,2985,8621,960,8624,8622
935 5196,8625,11,5453,8631,8632,348,8629,8626,8628,8630,8633,8627
936 325,5512,6602,381,8635,275,4591,379,8634
937 8636,8641,5859,8643,2074,3457,2042,8640,8638,8639,1164,8642,8637
938 8644,4499,8648,3502,8646,8647,8653,8650,8649,8645,8651,8652,149
939 8655,8654,8659,4060,2365,8658,3178,85,8656,8657,5301,5296,4383
940 8202,8663,8666,2626,8664,8665,8660,8662,8661,8667,8668
941 1616,7908,6082,4762,8670,8669,4761,8673,4768,1907,8671,8672,7909
942 8681,8676,8675,5394,8677,4642,645,8679,8674,8678,8680,2377
943 495,8682,8683,8690,7426,8689,8687,8688,6356,8684,6008,8685,8686
944 8697,8691,449,4972,8698,348,8700,8699,8695,8696,8694,8692,8693
945 1484,8706,8701,8709,1181,8708,2135,8710,6855,6203,278,8702,325,8716,8718,6195,8705,6198,5386,8711,6206,6204,6681,382,8714,275,8707,8380,8713,8719,8712,8717,8720,8715,1508,1187,8703,3604,8704,1185
946 8725,8723,8193,8726,8728,8722,8724,8729,8727,8721
947 2493,8734,8730,8735,8737,2474,8736,8738,8733,8732,290,8731,3363,7489,2841
948 4077,8739,107,4071,4800,8740
949 443,8741,8747,8744,8746,2253,8745,8292,3808,815,1159,8743,8742
950 1332,8749,7115,2316,3380,524,8748,8753,8751,8750,3669,8752,4083
951 8757,8761,8763,2040,8756,8754,107,8760,8755,8762,8759,8758
952 8769,8768,8766,8764,8767,8771,8770,8765
953 7311,738,2241,382,11,4558,794,390,1143,8772,551,8773,275
954 8659,8776,3284,8777,107,3287,1756,3283,1394,8775,8774,8778
955 8783,8779,1763,2649,8784,8786,948,8785,8780,8781,8782,940,943
956 8787,2154,8790,8792,8794,8791,4711,8795,1558,8793,8796,2155,8789,8788,2151
957 2115,8805,526,8803,4146,8802,524,8804,8800,8798,8801,8797,8799
958 8807,8810,8809,426,8811,8806,8808
959 559,8814,121,8816,115,111,8815,122,561,8812,8817,8813,3474
960 8819,1152,8818,1144
961 8822,11,8824,8820,8821,4547,8828,890,8823,1168,8827,8826,8825
962 3113,6889,11,4372,8240,8831,514,8829,8832,8833,7109,4178,8830
963 8835,8841,8836,6343,8840,6337,8834,8838,2415,8843,3581,8837,8839,3586,8842
964 247,3285,382,8849,7407,8845,4515,8846,8848,275,8844,4514,8847
965 8852,4578,4579,8851,6437,399,3120,4064,8850,401
966 8857,8859,8854,4816,8860,3779,893,6221,8858,8856,8855,3372,8853
967 8862,11,2218,567,2089,8864,325,4811,4812,8863,8861,506,573
968 1144,8865,1895,8866,8867
969 2249,8868,8870,8872,85,8753,5475,8869,3886,8871
970 8877,8879,1387,6332,8874,8878,107,7158,8875,6631,1761,8876,8873
971 8886,4648,1681,8881,1675,8882,8883,7737,8884,8885,4877,8880
972 8891,6848,8892,8888,654,429,8895,8887,8894,8890,8889,3876,8893
973 8896,3469,8898,8897,3465
974 5311,8909,8906,8907,8905,8900,8908,8899,8904,8377,8902,8901,8903
975 8914,8912,8010,8918,8916,8919,8917,4270,8910,8911,8920,8915,8913
976 1763,8921,2316,2037,599,5198,2370,5904,7927,943,8924,8923,8922
977 8933,8932,8930,8928,8925,2311,8934,859,8926,3,8927,8929,8931
978 8941,8935,8942,8104,8939,8936,2217,447,8940,8938,8937,1266,3132
979 3602,11,8949,8948,325,8943,275,235,8945,8946,8338,8944,8947
980 958,8953,8950,754,1460,960,476,806,8954,1152,8951,8955,8367,8956,8952
981 1195,8958,8964,1538,232,8963,4668,4667,8965,8962,8966,8968,8967,8961,6374,5079,8959,8957,8960,1544
982 8969,8972,8970,8971,8973
983 8977,8976,8979,8980,8981,8982,8978,8975,8983,8984,536,8974,8985
984 8988,750,8990,8989,325,8993,5110,8992,8991,8994,8987,754,756,8986,955
985 11,9000,4758,716,7471,4150,8998,8996,1358,1885,8999,8995,8997
986 3332,3334,9002,9004,766,389,9001,1984,9006,7161,942,9003,9005
987 9007,9009,9008
988 9014,3238,9012,9017,1009,4054,9011,9013,9016,9015,9010
989 7144,9020,6645,9018,9026,1805,9019,9024,9027,9021,9022,9023,9025
990 9035,9033,9032,9037,9028,9029,9030,107,9038,3743,9031,9036,9034
991 9045,3163,851,9026,348,7449,9046,9043,9041,9042,9040,9039,9044
992 7840,1013,9049,6931,9053,9048,5158,9051,9050,9047,5167,9052,6934
993 9059,9056,9061,9055,9057,9060,9054,9062,9058
994 9071,9066,9069,5006,5108,9067,9063,9068,815,8991,9070,246,9065,9064,759
995 3273,9072,9076,9075,9079,1846,9074,9080,9078,9081,9073,9077,2600
996 4771,9083,1956,9087,9085,7731,9084,8649,9082,9086,9088,304
997 9094,9090,9091,9092,1876,590,2360,5447,9095,9096,9093,9089,1397
998 9104,9102,9103,9100,9099,348,165,9098,9097,9101
999 9108,9111,308,9105,9107,9106,680,9112,3080,9110,3454,2127,9109
1000 11,133,9117,9116,9118,9113,2418,9115,9114,284
1001 3590,9122,9123,9124,9126,9121,5572,9127,7381,9120,9125,4412,9119
1002 3390,9133,4413,9130,9135,9129,85,9128,9131,9136,3448,9132,9134
1003 382,3177,9138,275,385,9137
1004 9139,9141,9140,3561,107,9142
1005 9148,11,9149,349,348,9146,9144,9147,9143,149,9145,2379,2898
1006 9157,9151,2301,1655,9152,9158,680,9153,9154,9155,9156,9150,3560
1007 9160,9163,5661,5653,1204,1018,5639,9162,5640,105,9161,9159
1008 9166,9164,9172,9165,9167,9168,9171,9169,972,1755,9170,1649
1009 9179,9175,9176,9180,9184,9181,9174,9182,9177,9183,9173,9178
1010 8822,9189,9187,9185,9190,7994,9191,6690,9188,890,9186,1168,7180
1011 9197,11,1745,1510,9198,9195,9193,907,9194,7394,9196,9199,9192
1012 9206,9208,1204,5645,5287,9204,5657,9201,9203,9200,9205,5648,9207,5671,9202
1013 1195,4659,1538,3868,1508,893,9213,3744,9209,9210,9212,3870,1545,4450,9211
1014 9220,4902,3365,9219,9215,9216,9217,5612,9221,4058,9214,9218,1221
1015 9223,9226,9228,4749,551,9222,9225,9224,9227
1016 9230,1903,7639,85,4799,9229,9231
1017 948,9232,9233,9236,5709,9235,680,9237,9005,9238,5716,943,9234
1018 9242,529,9244,9240,1289,9239,654,389,444,9243,393,9241,3793
1019 1055,9246,9245
1020 9247,9104,9251,9249,815,9252,9248,9250
1021 240,9256,9258,9257,9254,9259,1206,551,9261,9260,9255,9253,2431
1022 2137,1763,9263,9267,5394,9265,107,9270,9264,9268,9269,9262,9266
1023 11,382,9275,9278,5512,9273,9272,9276,376,9271,5363,9277,9274
1024 9287,9288,9282,9279,1090,9281,9285,301,9283,9284,9280,9286
1025 9295,9292,9296,9298,9289,9294,8347,9297,9290,9293,9291,2271
1026 9300,348,9299,85,9301,9302
1027 9306,9308,9313,9311,9309,9312,3926,9305,9303,3937,9304,9310,9307
1028 111,9318,9317,562,122,561,9314,9316,1221,9315,327
1029 1489,1484,9325,11,9324,9319,9322,654,9320,9323,3793,9321,9326
1030 1794,1793,1796,2787,1788,9328,1792,1785,9327,1787,1795,1791,1786
1031 1356,9338,1854,9374,9378,9336,9381,1197,9380,9359,9346,9392,4930,9373,9349,9390,5901,9330,9368,9329,9371,5884,9342,9361,9370,9333,9384,9331,9382,9363,5885,9352,9332,9393,1544,1534,9366,5902,1538,9354,8964,1535,9334,9387,9377,9345,9386,9369,2626,9339,9348,5900,9347,9379,9335,9353,9376,9340,5869,5893,9357,4036,9367,9351,9344,9389,1856,9391,232,9383,9341,9360,1546,9355,9362,9364,9395,9372,9356,9358,9388,9365,9350,9343,9385,9394,5866,9337,9375,4051,4042
1032 9402,9406,3342,9398,9397,9404,9399,9401,9403,9405,9400,9396
1033 9410,637,9411,9412,9407,106,9409,9408
1034 9417,616,9413,9416,9419,232,4179,9422,9414,9420,9421,9418,9415
1035 9428,9430,1352,9426,9423,85,4501,9425,8503,8292,9427,9429,9424
1036 6573,9431,9433,9432,9434
1037 9435,514,9440,9439,9437,9438,9436,466
1038 165,9441,9442,9443
1039 9444,9450,11,9452,9453,9454,9448,5414,9447,9449,9445,9451,9446
1040 9457,11,9455,9462,9459,9461,9460,9465,9466,9458,9463,9464,9456
1041 9468,5178,4271,9467,4836,9469,3744,2204,864,302,9470
1042 5824,9472,7421,9473,107,9474,106,9471,7417
1043 9480,7104,9476,1792,1141,9475,9477,9479,9484,9478,9482,9483,9481
1044 529,2295,9491,1510,4359,9485,1289,6585,9487,9488,9490,9486,9489
1045 11,240,9494,9492,9497,3361,9496,9499,9495,9498,3360,7394,9493
1046 5849,9503,9500,9502,9501,3958,9505,9506,9507,9509,5847,9508,9504
1047 1763,8659,11,9515,9512,9514,1543,9516,1962,9511,9510,774,9513
1048 8807,5052,3073,9519,5056,8111,5060,9518,551,5058,9517,5051,5053
1049 7478,11,2053,4372,9523,191,9522,9525,2074,1533,9524,9521,9520
1050 9526,3116,9532,9528,9531,2142,9533,9527,194,9529,9530,3321,1597
1051 9535,9534,9543,9539,9542,9540,9541,9537,9536,943,9544,9538
1052 4997,3853,9547,9548,9545,9546,5505
1053 9550,9549,8598,9554,85,9553,9552,4065,3108,9551,8946,9555,511
1054 7026,9562,9556,7032,7027,9561,9560,7023,9558,9557,7022,7029,9559
1055 9567,9565,9573,9574,9571,9566,9575,9572,275,9563,9568,9569,9576,9570,9564
1056 9580,9578,9585,9584,9577,181,1444,9582,9579,85,9581,9583,4568
1057 9590,9589,9587,8510,9593,9591,9592,5237,9588,1408,9586,5523,7
1058 520,9597,9594,7084,977,9598,9600,4987,1415,4995,9596,9599,9595
1059 529,9601,9604,5489,9602,6255,76,447,1475,9603
1060 9609,1967,9606,9611,9607,3415,9608,3416,890,9610,9612,4408,9605
1061 559,9618,9619,9613,560,562,122,9615,561,9620,9617,9614,9616
1062 9629,9625,9631,9628,9630,9623,9621,9626,4838,9624,9627,9622
1063 2897,4778,9635,7620,1774,4359,4974,9634,1645,9633,393,9632,1155
1064 9638,4333,1005,4460,9639,9640,9641,3847,9637,9642,9643,4201,9636
1065 247,9651,9645,9646,2129,2134,275,9650,9648,9649,9644,2127,9647
1066 9654,9657,3480,9655,349,9652,3620,9241,3309,3626,9653,9656
1067 11,382,378,376,275,4508,5363,9659,9658
1068 1484,9668,9662,9665,9660,9666,6687,9671,9667,275,9661,9670,9663,9664,9672,9669,6206,251
1069 9676,9674,1351,11,9680,9682,9679,9681,9677,9673,9675,9678,284
1070 9683,3566,1538,9686,3475,332,9685,642,641,336,8433,9684,331,9687,4450
1071 9689,9690,9539,657,9692,9688,664,9694,9691,9693,149,9695,2379
1072 9697,9702,9698,9700,9703,9705,9706,4449,9701,9704,9696,9699
1073 6819,9708,9709,9707,9712,3179,4695,85,4696,3574,9711,9710,8567
1074 9714,9715,9717,9722,9725,9721,9716,9718,9723,9724,9726,9727,9719,9713,9720
1075 9730,9728,9732,1197,9735,9734,1168,9733,9731,9729
1076 442,9742,9739,9737,9743,9740,9736,9738,6868,9741,9744,3800
1077 9748,4345,1633,1632,4418,9745,9751,9750,9746,5718,1635,9747,9749
1078 1873,9756,11,1871,1876,9752,9755,389,9754,5272,1877,9753,4751
1079 5232,9758,9757,9759,7073,9762,5166,9760,9761,9763,4419,6822,5648
1080 6971,6970,2128,9573,2648,9768,9767,9765,275,9764,9766
1081 804,9772,9774,9769,9771,8273,9776,9773,9546,9775,9770
1082 9779,9778,5232,9783,158,9777,9782,3104,3497,3027,5008,9780,9781
1083 1796,1793,9785,1794,1788,1785,1792,1787,1795,1791,9784,1786,350
1084 9794,9788,2154,9786,9793,4132,9787,9790,8495,9791,9795,9792,9789,9796,1191
1085 5232,9805,9797,9799,9804,9801,9798,9802,9806,9800,5405,9803,4336
1086 9808,4571,9811,9810,9809,9812,9815,9814,9807,9813
1087 9817,256,258,9823,9821,9822,9820,9827,273,9824,9818,9816,9825,9826,9819
1088 9835,4835,9828,1197,3747,9830,9836,3744,9833,9834,1620,302,9832,9829,9831
1089 3332,9845,9838,9841,9840,2398,9842,194,9837,9839,9844,9530,9843
1090 243,9848,9850,9851,3263,9849,4325,325,6803,9846,3257,9847,3771,6813,275,4568,4346,2129,1594,9852,8370
1091 1245,4034,6973,9861,9855,7277,9856,9858,9853,3997,9860,9857,9854,9859,9862
1092 9870,9873,9863,9865,9871,9866,9869,9872,9868,9864,9867,1348
1093 9875,9877,9876,2777,9874
1094 9879,9882,9880,9883,1402,1143,3616,107,9884,9885,9878,3454,9881
1095 9889,9891,3588,9894,9892,9886,9893,9888,1977,1978,9890,9887,2804
1096 9900,9896,9898,9901,1678,9904,107,9902,9899,9903,9895,9897
1097 2282,948,9910,107,5559,9911,9909,9905,1870,9906,9908,9907
1098 9918,9916,9913,9912,7127,3958,9919,9921,9915,9917,9914,9920
1099 8053,9922,9923,9924
1100 529,9925,9930,181,590,9926,9928,447,9929,724,8878,9927,5579
1101 11,5598,9932,9931,107,9934,1418,9935,9936,9938,9937,9933
1102 9946,4083,9941,9947,85,9939,9944,5524,9945,105,9943,9940,9942
1103 6112,9949,9951,9953,514,991,9948,348,9950,107,8755,9952,5537
1104 6546,325,1315,1314,1142,9954,1143,1316,4479,1136,1135
1105 9956,9961,9963,5178,9958,9962,9960,9964,524,9957,9959,9955,6709
1106 9972,9974,9968,9965,7872,9966,5963,3175,9970,9973,9971,9969,9967
1107 9980,1,9976,9978,9977,350,9975,9979,9981,4064,9336,9982,6709
1108 9988,9984,9986,4527,11,9989,9983,9987,7431,9985
1109 9994,5134,9995,9993,9996,9992,9990,1398,9991,9997,9415,1047,4178
1110 958,1484,10005,10001,766,9999,806,1152,1736,10003,10004,10002,5111,9998,10000
1111 10014,6645,10028,10078,10075,10072,9833,10057,10016,10066,10023,9832,10041,10044,10049,10073,10029,10034,10020,10053,302,6638,10035,10064,10030,10031,10011,10026,10010,9371,10013,3744,10012,10037,10056,10047,10050,10046,10018,10009,10038,3117,10054,234,10019,10017,10007,10063,10045,10071,10025,10062,10024,10022,348,806,10039,10070,10065,233,10068,10077,8324,10079,10074,10060,10040,4656,10008,10076,1856,10051,10058,10067,10043,325,10042,10080,10069,4250,10055,10015,10006,6369,10048,10052,7037,10059,10032,10027,10033,815,10036,10061,10021,955
1112 10077,299,10083,10089,10088,10082,10081,10084,3213,10085,10090,5523,10091,10086,10087
1113 10094,10097,60,10100,10099,10092,10096,4222,10101,10093,1086,10095,10098,2888,2248
1114 3261,382,10105,10103,10104,5366,1310,270,10102,275,10106,1311,3262
1115 10108,10107,10109,10112,10111,10114,9979,10113,10110,10117,10115,10116
1116 7736,5953,10118,10120,3903,5951,10121,7170,10122,3907,10123,10124,10119
1117 10130,7907,10127,5044,4452,10131,9706,10129,10126,10128,4449,10125,9702
1118 10136,10140,1055,10133,6645,8257,5088,10138,10134,10137,10139,10132,10135
1119 10142,10141,6490,3028,10144,10147,232,10143,577,10146,10148,3297,10145
1120 6153,11,3163,654,10153,3168,10150,10152,7416,10151,6289,7468,10149
1121 1394,10163,10159,10155,10161,10162,10160,10157,10158,10156,10154,1761
1122 10164,10171,198,10165,10175,10167,10166,10168,10172,10169,10170,10173,10174
1123 10182,4115,10181,2965,10183,10179,10178,10177,3041,10180,1545,10176
1124 10184,10185,107,10187,10186
1125 10192,7267,10193,6403,10194,10191,10188,10190,10197,10189,10195,10196,3136
1126 10198,10205,10206,10201,10208,10202,10209,10203,10207,4766,10200,10204,10199
1127 10212,10214,10215,10213,10210,6165,10216,10217,890,107,10218,10211,8740
1128 10219,10221,1072,7547,4332,10220,1074
1129 2884,10228,10226,348,10227,10222,85,10224,7431,10225,987,10223,6669
1130 10237,10235,10232,7073,10233,10231,10238,10234,10230,1418,10229,7022,10236
1131 6559,10243,11,4157,10242,447,10240,10241,7344,10239,3052,6289,4781
1132 10244,10249,11,2074,3684,10246,1089,6938,10248,8753,10247,10245
1133 1663,10255,10253,8754,10252,10254,442,10251,10250
1134 10260,1155,10261,10257,4415,10263,10259,10258,10262,1927,10256
1135 10266,10267,10265,10268,8255,10264
1136 4412,2761,10275,1254,4964,10273,10270,10271,10276,10274,1185,10277,2764,10272,10269
1137 6078,10283,1,10278,10281,5367,10279,6054,1714,10280,8185,3679,10282
1138 6640,5849,10291,10292,10286,10285,10284,10287,10288,7738,10290,10289,10293
1139 11,1881,10300,10301,10302,10297,10295,10298,10294,10299,7838,9052,10296
1140 10308,7907,10311,10307,10303,10305,10306,10309,4445,4449,10304,9696,10310
1141 10316,10315,11,10317,4157,10314,10318,10319,10320,7169,10313,10312,1027
1142 10326,1332,1722,10322,10324,10325,107,5346,10321,5347,5340,6766,10323
1143 10330,1013,10333,10331,10327,10328,9048,7838,10332,10329,2837,10334,4425
1144 10337,10341,10335,10344,10345,10336,10339,10348,10349,10347,10343,10342,10346,10340,10338
1145 10356,158,10353,10355,3879,5158,10350,6585,10352,10351,10354,10357,10358
1146 10359,10361,10364,2193,10363,107,1761,10362,10360,17
1147 3902,9051,10365
1148 326,11,382,325,8335,10367,10368,275,10369,10366
1149 10371,150,11,10377,10370,10375,10376,932,10373,10374,10372
1150 2998,4562,10383,181,1444,10381,85,10378,10382,9583,10380,10256,10379
1151 10387,10385,10390,10384,2254,107,10388,10389,10386
1152 3192,10397,10394,10396,107,10399,10391,10395,10398,10393,10392,1566
1153 3198,4460,1706,10404,10400,10401,10402,10403,10406,4237,10405
1154 3797,10407,10412,10411,10409,9992,10413,10408,10410
1155 4432,10414,10421,11,8488,1289,10417,85,10415,10420,10418,10416,10419
1156 10428,10426,10422,10424,730,1290,10423,348,107,7110,10425,10427,4117
1157 2998,10429,85,10430,10431,10432
1158 10436,3819,10435,10434,10433,355
1159 10439,10441,814,10446,1283,10440,10445,10444,10438,10437,1408,10442,10443
1160 10450,1763,11,10452,3380,1962,10447,10451,7927,7779,1308,10449,10448
1161 10455,10457,10460,10454,10459,10462,10456,107,10461,1726,1725,10453,10458
1162 10466,10469,10463,10464,10467,697,834,355,10468,10465
1163 10471,10475,2316,10474,10472,85,4059,2380,10476,10470,10473,8829,4178
1164 10478,10477,1394,10479,3387,10481,6494,1815,491,10480,9136,10482,10483
1165 10486,10485,2585,270,10487,10489,1185,10488,10484
1166 2199,10620,10494,10624,10619,10565,10573,10634,1854,10569,10592,10561,4241,10512,10578,10499,10500,10612,10539,5947,10584,4261,10558,10541,10618,10549,10595,10615,10579,10016,4265,10517,10606,4251,10638,10521,10601,10636,3765,3128,10554,10572,10552,10556,10616,10531,10515,10544,10551,302,10635,4257,10545,10614,10637,7062,10599,2488,10501,6069,10081,10574,10639,10510,1245,10585,10506,9467,1286,10566,7737,10593,1143,10559,6726,3235,10535,10597,298,6062,2493,10630,10492,10491,10496,10527,10516,10526,10576,10611,10490,10563,10603,10602,10568,10575,4229,7898,10623,10626,10628,10640,10622,3117,10514,10632,10540,10529,10503,10509,10538,10588,4254,7047,10546,10581,10621,10583,10587,10609,4248,10641,10631,10508,10590,10560,10567,10534,10065,10604,10068,10553,6640,4259,5280,10532,2205,10629,10518,10550,10519,10577,10610,10608,10505,10524,10548,10498,10613,10607,10507,10493,10497,10596,10528,4266,10598,10625,10523,4236,10582,4237,10633,10589,10627,294,1972,10605,10580,10536,4234,10042,10617,421,10511,10080,5793,10537,10513,2003,10520,10571,338,8331,10495,5463,10594,10530,10504,10547,10542,10586,4034,299,1849,10533,10543,10591,10570,10564,10525,10600,10522,10555,10562,10502,1241,10557
1167 10644,3046,10643,2811,10649,10648,10645,9011,10647,10646,10642,2377
1168 10657,10655,10650,10651,7147,3033,3544,1330,10654,10653,10656,2888,10652
1169 10661,10662,4220,4187,7984,10658,972,10659,10660
1170 1029,10664,10663,1757,511
1171 1575,10672,6801,10668,10665,10667,941,107,10666,10671,10669,10670,1683
1172 10675,6483,10678,1721,10674,10677,680,10676,10673,4395
1173 10686,11,10687,10683,10681,3315,10685,10688,10684,10680,10679,284,10682
1174 10691,85,10690,10689
1175 10697,7331,10696,10692,10700,10699,10698,9106,10694,10693,4492,10695,2708
1176 579,10707,10703,10709,606,10701,10706,10710,10704,426,10708,10702,10705
1177 10712,3332,1920,10711,1898,5945,11,2613,325,10713,10715,10714,10716
1178 1794,1793,1796,2787,1786,1788,1785,1792,1787,10718,1795,1791,10717
1179 559,562,6009,10724,122,561,10720,9314,10719,10721,10723,10722,327
1180 2199,10727,10565,10569,2211,10761,10771,10541,10748,10579,4265,8468,8483,5915,10752,10766,10758,10073,10763,10531,10762,10740,10733,7062,10599,6068,10081,10031,4267,9371,10751,10764,10774,1143,298,5825,10765,10736,10749,6062,10768,6065,6061,10746,10753,10725,2731,10770,7046,10626,10730,10739,10772,10514,10538,10750,10745,10728,10621,4248,10767,10726,10732,813,10769,10760,10735,4232,2201,10507,10738,10596,1893,4255,10731,10737,10742,4237,10582,2210,10756,10589,325,10755,4234,10617,3586,10744,4262,10743,2003,1852,10520,5785,10759,10747,10734,10729,4230,10773,10741,10757,10562,10754
1181 10784,9786,776,9787,10751,10777,10779,10775,10776,10782,10783,10781,10780,10778,8793
1182 1763,10787,10786,10788,10790,10791,680,10789,10785,6498,3052,10792,4395
1183 6886,135,7931,10795,2985,10798,10796,10797,10800,5405,10794,10799,10793
1184 10803,10801,10809,10808,10802,85,10807,3493,10804,6822,10806,5681,10805
1185 10810,1538,10813,10818,5891,10816,4145,10812,10814,10817,10819,10815,1545,4450,10811
1186 4056,10823,10821,4053,10822,1553,4059,10820,3503,10825,1517,10824,9042
1187 7026,10829,7104,7032,6530,10826,10830,107,10827,10828,1790,1638,7030
1188 10831,10837,99,10835,10834,10833,10836,10832,10223
1189 10842,46,10838,8199,10840,10841,85,10368,10839,10843,10844,10845,350
1190 9968,6889,10849,10854,6890,10853,10846,10852,10848,10850,4930,10851,10847
1191 10863,10862,10860,10858,10857,10855,349,348,10861,10856,10864,107,10859
1192 10866,10868,5394,348,1655,10869,10867,10870,149,10865
1193 1972,2026,10875,10871,10873,10878,10876,10877,8621,10874,536,10872,251
1194 10881,10882,10879,5611,5612,717,10883,7161,4935,442,5607,10880,4301
1195 10887,2933,10884,8359,10890,1444,10888,10886,10885,85,1714,9583,10889
1196 10897,10894,10898,10892,10893,348,1714,85,5816,10895,10896,10899,10891
1197 4056,11,3387,3052,8998,660,10901,10900,723,654,665,2183,149
1198 10904,382,1656,9646,10906,10902,1143,275,4508,10905,3229,2127,10903
1199 3797,10908,11,3052,6494,10909,140,5820,7350,10907,149,1027,5817
1200 3332,10915,11,10912,10917,10914,2185,10918,10916,3287,10913,10911,10910
1201 5748,4286,529,10922,716,10923,4744,583,10921,149,10919,10920
1202 10925,7104,7108,10924,7106,5010,10927,10827,10926,1086,1790,10928,10929
1203 1195,10933,10935,10936,8958,7857,10931,3561,10930,10938,3406,261,10937,10932,10934
1204 10949,10947,10941,1934,10939,10945,10946,10948,7483,10942,10944,10943,10940
1205 559,562,560,10953,561,10954,3461,10951,10950,10955,10952,1548
1206 10962,11,133,3561,325,10959,10956,2418,10963,10958,10960,10957,10961
1207 2761,10969,10964,1256,10968,10966,4967,8755,10965,10967,10971,10972,4966,8624,10970
1208 3646,10978,10976,10977,1640,10975,10979,4532,10974,10980,10973,6837,8829
1209 10984,10983,10981,10987,10988,10986,10985,10645,9290,10982,10989,2377
1210 2609,10990,5336,911,2281,2102,1258,10992,10993,1573,1408,10991,4716
1211 10994,10995,10998,10996,680,11002,11004,11001,3627,10997,10999,11003,11000
1212 11007,11012,11006,11010,11008,11009,11005,11011
1213 11015,11016,11013,11014
1214 11020,11025,11021,9574,11018,11017,11022,6347,11019,11024,11026,3773,11023
