0 547
0 743
0 82
7 754
11 462
11 249
11 1153
11 728
11 759
11 907
11 1024
13 925
17 310
17 207
17 662
17 334
17 1175
17 637
17 70
17 390
18 893
18 1106
18 210
18 372
33 833
37 670
37 547
37 258
37 1045
37 400
39 113
39 450
39 794
39 938
42 450
45 743
47 338
48 1143
49 35
49 743
49 893
49 79
49 833
49 1024
59 992
62 817
62 362
62 785
62 1147
66 1143
67 1131
67 154
68 1056
69 474
70 474
73 492
75 743
75 506
75 1194
75 258
75 505
75 775
75 82
75 154
78 1197
81 1066
81 609
81 450
81 896
91 547
91 731
95 1066
97 785
101 619
105 70
105 828
106 793
111 860
112 867
113 828
118 177
118 735
120 249
124 832
124 793
128 1139
128 193
134 676
139 575
141 570
145 349
145 1230
148 505
150 253
159 1178
159 867
159 766
159 480
159 281
163 658
170 205
174 737
174 338
174 75
174 1079
174 826
174 1042
174 1120
176 470
176 400
179 470
179 152
179 1006
179 505
184 676
184 649
186 1186
200 349
200 1228
200 400
205 1100
206 522
213 1165
214 470
214 689
220 414
220 758
223 1042
224 113
225 1098
228 570
228 216
228 149
228 84
228 412
228 414
229 782
232 918
233 708
240 593
240 249
240 492
240 755
240 570
240 1035
240 414
240 400
241 570
241 944
241 971
241 228
242 364
248 37
265 1042
287 557
290 828
294 828
301 677
306 782
306 467
306 401
306 658
306 738
306 1030
306 189
306 1117
313 492
317 492
323 452
324 759
330 462
330 474
330 547
330 541
330 1228
330 534
330 649
330 331
335 860
338 838
338 249
338 506
338 1139
338 97
338 547
338 481
338 217
338 759
338 827
339 492
339 1092
339 216
339 474
339 258
339 648
339 355
339 1100
342 505
348 1047
351 758
351 492
351 751
351 759
351 1175
351 1042
351 827
355 759
359 1086
359 1035
359 751
359 172
359 557
360 1175
360 925
364 840
364 1000
364 277
364 232
364 53
364 1003
364 312
364 534
364 968
365 728
374 893
374 570
374 689
374 432
374 1186
374 414
374 75
374 196
376 1016
377 350
388 362
388 893
388 492
389 249
389 610
389 632
389 128
389 968
390 575
393 90
393 1153
393 758
393 867
393 1059
393 474
393 281
393 648
393 989
394 1051
406 619
408 1142
415 619
417 862
418 231
419 1119
428 823
431 570
431 759
431 1175
431 780
432 648
440 10
440 826
440 625
440 968
443 401
443 815
443 950
443 527
443 228
443 591
445 981
445 791
445 610
445 459
445 920
445 348
445 1085
445 308
446 1142
448 414
458 737
459 480
463 515
466 492
475 1050
475 1083
477 522
477 270
477 1142
477 826
478 548
481 961
489 474
489 522
489 632
489 817
489 486
489 759
489 171
491 1166
495 1143
495 280
500 261
500 1203
500 862
500 93
500 347
500 228
501 150
504 1175
510 360
513 228
513 1229
514 213
515 1078
515 893
515 216
515 728
515 84
515 1042
515 196
516 743
517 224
517 805
517 216
517 193
517 474
517 1186
517 1175
517 828
518 1153
518 893
519 261
519 84
519 432
519 616
519 648
519 687
522 1142
524 391
524 840
524 651
524 359
524 580
529 70
529 670
533 158
533 743
533 785
534 621
536 593
536 368
536 91
536 570
536 193
536 1186
536 1079
536 331
543 1035
549 1028
549 188
549 245
549 549
549 847
549 348
554 785
556 782
561 860
561 1178
563 470
563 728
563 689
563 1056
563 789
564 1056
574 462
575 505
576 925
577 774
593 961
600 1042
602 338
602 1186
602 893
603 462
603 474
603 1056
603 759
603 1175
613 689
614 450
617 838
617 35
617 743
617 3
617 79
617 1203
617 795
617 700
617 202
619 989
623 1003
628 621
628 899
629 358
629 542
629 1230
636 907
640 188
641 1168
641 1153
641 193
642 860
645 259
645 724
652 818
652 1143
654 314
654 455
654 862
654 281
654 1117
654 1097
654 61
654 646
655 961
655 693
655 1204
655 1176
655 433
655 1229
655 859
658 698
662 670
668 1070
673 1083
677 917
693 1033
694 432
695 1175
702 1118
702 224
702 348
713 400
715 1056
727 593
727 1066
727 216
727 887
727 85
727 180
727 1199
727 441
729 759
756 72
760 1088
760 785
760 1229
760 896
765 480
765 348
771 253
771 862
771 413
771 188
771 179
771 488
771 228
771 502
773 893
773 917
773 84
773 1186
773 713
773 1079
773 19
773 400
773 1100
776 1186
782 434
782 231
784 782
787 188
795 1142
795 188
796 896
800 1000
800 673
800 621
800 956
800 637
803 728
803 358
803 1206
803 180
814 637
814 349
814 547
815 177
815 743
815 522
815 1142
816 830
820 474
820 632
820 463
820 1175
820 713
820 895
820 124
822 1047
824 782
825 110
825 874
825 1117
825 857
826 759
838 193
838 84
838 450
838 414
842 593
842 400
843 862
843 474
843 481
843 621
843 795
843 534
843 1024
844 1033
846 1153
846 862
846 210
846 554
846 722
846 1143
846 1229
847 1016
847 722
847 779
848 657
851 1139
852 249
852 113
852 609
852 231
852 793
852 785
852 348
852 828
859 261
868 1139
875 32
875 128
875 1180
875 202
875 968
879 925
879 887
879 183
879 490
891 1153
892 383
902 1175
905 1042
905 470
906 348
911 193
911 665
911 621
911 271
911 180
911 1042
911 1047
914 838
920 838
924 759
924 1143
938 1186
945 766
947 710
947 674
947 1175
947 354
947 1142
947 53
947 196
951 480
952 670
953 907
963 263
965 505
970 1206
972 749
973 1098
973 1153
973 828
981 497
983 1055
987 395
987 1230
987 188
987 637
987 1098
987 1017
987 929
996 1175
999 492
999 867
999 751
999 759
999 271
999 775
999 441
1002 907
1006 793
1006 193
1009 570
1009 630
1009 345
1009 751
1009 676
1009 1042
1009 844
1009 331
1012 1042
1014 395
1014 452
1014 828
1019 509
1019 113
1019 395
1019 1068
1019 648
1019 117
1019 828
1022 828
1023 66
1023 180
1023 1035
1030 1202
1030 917
1032 196
1037 258
1041 593
1041 658
1045 893
1045 925
1045 409
1049 522
1051 414
1055 188
1059 505
1063 828
1064 32
1075 249
1077 751
1077 1147
1077 67
1083 1175
1083 785
1083 450
1088 774
1088 918
1088 216
1088 1143
1089 670
1101 743
1103 593
1106 1139
1109 743
1109 547
1109 505
1109 82
1117 774
1126 997
1130 759
1131 692
1131 358
1131 1206
1131 354
1135 462
1135 827
1138 395
1140 348
1141 1066
1141 113
1141 971
1141 522
1141 907
1141 1142
1147 1083
1152 421
1157 362
1158 632
1159 522
1168 598
1168 845
1168 121
1168 570
1168 971
1168 118
1168 1047
1170 1153
1173 348
1181 968
1183 670
1183 216
1183 959
1183 258
1183 1186
1183 1206
1183 400
1183 490
1198 785
1202 348
1204 1153
1206 271
1206 828
1211 1098
1211 819
1211 83
1214 1066
1214 492
1214 480
1214 395
1214 899
1214 414
1214 1188
1214 1189
1214 1042
1214 828
1218 350
1218 492
1218 676
1218 1215
1218 1229
1218 1024
1218 828
1220 628
1220 1035
1226 1139
1226 782
1228 280
1229 893
1229 744
1229 914
1229 794
1229 153
1229 900
1229 219
1231 1165
1231 922
1231 350
1231 1153
1231 1139
1231 862
1231 33
1231 1079
1231 780
1231 1080
1234 362
1234 90
1234 162
1242 843
1246 258
1248 1153
1249 1175
1250 832
1251 505
1255 1215
1260 696
1260 782
1265 9
1265 907
1265 441
1268 434
1279 399
1290 759
1295 242
1296 462
1304 216
1304 405
1304 152
1304 751
1304 517
1304 833
1304 714
1304 732
1304 490
1304 828
1305 522
1305 188
1305 348
1305 1098
1305 490
1313 1073
1313 657
1313 1083
1313 619
1313 1169
1313 795
1313 1143
1316 97
1316 384
1316 37
1316 32
1316 788
1317 1213
1320 1098
1320 432
1320 414
1320 1149
1320 70
1320 896
1321 1116
1321 193
1321 570
1321 728
1321 414
1321 1079
1321 400
1322 249
1322 299
1324 1186
1326 1143
1329 832
1337 113
1340 218
1344 1083
1345 1175
1347 443
1347 163
1347 522
1347 1042
1349 860
1352 522
1352 1175
1352 1178
1360 656
1361 128
1362 462
1362 907
1363 1143
1366 474
1368 1066
1370 676
1370 112
1370 782
1371 631
1371 462
1371 196
1373 1119
1373 785
1374 785
1376 113
1376 531
1376 689
1376 819
1376 1119
1376 828
1379 722
1381 771
1381 587
1381 338
1381 1021
1381 1143
1381 527
1381 1112
1381 1119
1381 649
1384 1153
1388 450
1395 474
1402 462
1406 481
1406 522
1406 463
1406 534
1406 828
1407 1066
1407 745
1407 610
1407 862
1407 217
1407 258
1407 1003
1407 322
1416 780
1416 670
1416 586
1416 130
1416 759
1416 907
1416 882
1416 1229
1416 1119
1423 492
1426 113
1428 759
1434 205
1434 899
1434 452
1434 649
1438 97
1442 959
1443 534
1445 659
1447 3
1447 745
1447 610
1447 862
1447 179
1447 268
1447 968
1451 492
1451 216
1451 815
1451 1218
1451 189
1451 484
1452 780
1452 644
1455 794
1461 676
1461 119
1462 782
1463 949
1465 1139
1470 348
1470 450
1470 1055
1476 862
1478 1116
1478 462
1478 249
1478 1139
1478 862
1478 1040
1478 1200
1478 228
1479 354
1491 128
1493 313
1497 1131
1497 784
1504 188
1504 828
1508 728
1509 128
1509 893
1509 828
1515 1200
1516 474
1519 474
1524 1175
1528 886
1530 1109
1530 666
1532 249
1532 258
1533 1098
1536 759
1539 1153
1539 628
1539 1139
1539 97
1539 492
1539 1024
1539 828
1552 657
1552 775
1561 925
1564 1153
1567 474
1570 354
1572 492
1576 474
1584 759
1584 828
1585 63
1586 249
1586 743
1586 1194
1586 384
1586 1067
1586 832
1586 907
1586 1229
1594 995
1598 1116
1609 828
1612 90
1612 249
1612 505
1620 492
1623 757
1625 759
1625 1175
1625 271
1625 180
1625 722
1625 785
1627 506
1627 113
1627 395
1627 899
1627 414
1627 1042
1627 1229
1629 1031
1630 1066
1631 490
1632 838
1636 1019
1636 1055
1636 311
1636 786
1636 947
1636 1024
1637 829
1638 1153
1638 110
1638 1068
1638 33
1638 1026
1646 414
1647 1139
1649 249
1651 492
1661 228
1663 53
1663 401
1673 351
1673 735
1673 925
1674 917
1674 570
1674 418
1674 188
1674 450
1674 1186
1674 759
1674 1042
1678 103
1680 401
1680 738
1680 206
1680 632
1680 1186
1680 218
1680 1033
1680 534
1680 649
1684 888
1686 188
1687 1035
1689 793
1690 492
1694 782
1700 52
1702 830
1703 895
1703 968
1704 907
1706 80
1710 1024
1711 97
1711 216
1711 539
1711 806
1711 524
1711 362
1711 907
1711 348
1711 828
1715 806
1716 1016
1719 474
1720 934
1726 84
1726 683
1730 110
1730 959
1730 1035
1730 1175
1730 828
1734 655
1736 485
1747 19
1747 400
1747 805
1749 223
1752 338
1752 395
1752 480
1752 412
1752 156
1753 949
1754 604
1755 70
1755 822
1757 474
1757 505
1757 193
1764 35
1765 490
1770 918
1770 207
1770 550
1770 81
1770 828
1772 593
1772 63
1773 840
1773 766
1773 594
1773 474
1773 414
1773 1142
1773 563
1774 474
1780 891
1781 1116
1781 470
1781 893
1781 193
1781 216
1781 149
1781 572
1781 72
1787 492
1789 1205
1789 554
1789 14
1791 492
1791 193
1796 196
1796 263
1798 838
1800 362
1800 1175
1800 193
1807 832
1809 570
1816 1066
1816 610
1816 84
1816 474
1816 522
1816 1014
1816 759
1820 1143
1822 188
1835 492
1836 1109
1839 398
1839 621
1839 901
1839 44
1841 35
1841 648
1841 1071
1846 628
1846 110
1846 885
1846 373
1846 1186
1846 414
1846 299
1846 1045
1846 248
1846 88
1848 338
1857 414
1857 762
1861 1142
1861 1066
1867 759
1873 35
1873 886
1873 258
1873 907
1873 534
1874 893
1874 737
1874 794
1876 462
1878 249
1879 432
1881 676
1885 113
1887 1153
1887 893
1887 782
1887 193
1887 1060
1895 414
1895 722
1895 895
1895 1143
1895 534
1899 1066
1901 619
1901 474
1901 53
1901 202
1901 1119
1905 1097
1911 1066
1912 444
1912 205
1912 495
1912 485
1912 1173
1912 682
1912 452
1912 761
1912 400
1913 1139
1915 925
1921 517
1921 490
1921 97
1923 74
1925 887
1927 722
1929 146
1929 670
1930 522
1930 785
1931 1024
1938 860
1938 1139
1938 862
1938 807
1938 517
1939 743
1939 1083
1939 971
1939 610
1939 354
1939 505
1939 67
1939 490
1943 632
1943 843
1947 53
1958 862
1958 632
1967 1229
1967 1066
1968 338
1969 1119
1973 893
1973 805
1974 1153
1981 338
1982 907
1988 505
1991 506
1991 828
1991 775
1993 492
1993 570
1993 1005
1993 474
1993 207
1993 541
1993 740
1995 350
1995 462
1995 249
1995 570
1995 1042
1996 955
1996 217
1996 648
1996 989
1996 157
2000 1153
2003 249
2003 587
2003 918
2003 113
2003 737
2003 450
2003 1095
2007 1055
2015 657
2021 348
2025 1153
2025 188
2025 785
2025 1227
2031 492
2033 492
2034 135
2035 249
2036 1009
2041 202
2042 907
2042 785
2042 828
2043 759
2045 602
2045 350
2045 462
2045 113
2045 547
2045 832
2045 85
2045 907
2055 1107
2058 97
2064 1229
2064 828
2076 372
2076 1229
2080 574
2080 1035
2085 741
2087 630
2087 474
2087 652
2087 228
2087 827
2088 474
2088 302
2088 258
2088 1175
2088 1121
2088 1072
2088 696
2091 202
2091 743
2091 280
2094 1230
2094 751
2094 271
2094 527
2094 19
2095 947
2095 1126
2097 586
2102 737
2102 1232
2102 299
2106 737
2106 462
2106 934
2111 228
2122 917
2122 1022
2122 1186
2122 271
2122 888
2122 1098
2122 1047
2127 782
2133 1153
2136 838
2136 758
2136 688
2136 492
2136 362
2136 1206
2136 299
2136 927
2136 654
2137 1186
2146 97
2149 432
2155 828
2166 315
2166 59
2166 110
2166 676
2166 908
2166 1119
2171 1173
2171 63
2173 110
2175 795
2175 3
2178 449
2178 955
2178 829
2178 795
2178 648
2189 350
2190 1175
2190 917
2190 414
2196 350
2200 1024
2201 759
2202 309
2206 1194
2209 657
2214 253
2216 735
2216 867
2216 113
2216 450
2216 1056
2216 795
2216 317
2216 534
2216 400
2220 619
2223 492
2223 113
2223 474
2223 322
2228 731
2234 973
2236 602
2238 371
2239 490
2243 130
2251 570
2251 480
2251 959
2251 450
2251 759
2251 1206
2251 1229
2254 759
2254 1229
2254 28
2262 1139
2264 1135
2266 604
2266 826
2272 188
2273 487
2277 759
2282 455
2285 358
2287 910
2287 474
2287 632
2287 5
2287 1143
2288 480
2288 1153
2292 1066
2292 169
2292 128
2292 354
2292 380
2292 55
2295 490
2300 470
2300 1153
2300 867
2300 964
2300 199
2300 338
2300 432
2300 271
2300 202
2306 840
2308 1078
2316 743
2316 261
2316 925
2316 492
2316 474
2316 1055
2316 1206
2316 1135
2316 53
2323 492
2323 1186
2323 414
2323 1159
2323 1175
2323 637
2325 888
2326 216
2332 193
2336 700
2336 610
2336 474
2336 875
2336 128
2336 1143
2336 534
2337 780
2337 743
2337 930
2337 163
2337 739
2337 206
2337 1035
2337 785
2337 1147
2343 462
2353 1042
2357 648
2359 1206
2363 832
2363 690
2366 293
2370 838
2372 1143
2373 79
2378 249
2379 1098
2385 299
2387 470
2387 1015
2390 426
2392 782
2394 1186
2395 676
2398 249
2400 619
2400 540
2400 216
2400 458
2400 959
2400 354
2400 348
2401 349
2405 1213
2410 1017
2413 492
2418 759
2421 1047
2422 728
2431 480
2433 189
2435 249
2435 981
2435 658
2435 80
2435 1186
2435 1118
2435 828
2438 358
2438 474
2438 825
2438 1206
2440 213
2440 785
2440 228
2440 1229
2442 790
2442 763
2442 1183
2442 737
2442 414
2442 616
2442 929
2442 1095
2447 828
2453 1153
2453 893
2453 113
2453 188
2453 793
2453 415
2454 619
2457 1215
2461 832
2463 261
2464 8
2466 1024
2473 3
2473 128
2473 842
2473 1097
2473 785
2473 705
2480 1203
2480 458
2480 281
2480 759
2480 1097
2480 196
2480 490
2484 1175
2484 782
2496 828
2500 1042
2501 840
2502 28
2502 785
2502 178
2511 1175
2529 828
2553 506
2556 648
2558 570
2563 806
2563 1035
2563 965
2563 1188
2563 1175
2563 785
2563 637
2566 637
2572 1058
2573 1158
2576 1206
2578 1042
2581 828
2584 1024
2591 782
2592 805
2593 785
2594 350
2605 586
2605 1098
2606 593
2606 575
2614 358
2624 183
2624 785
2625 216
2629 205
2629 679
2629 244
2629 487
2629 1198
2631 893
2631 414
2631 828
2635 1155
2635 886
2635 793
2635 1002
2635 432
2635 1186
2635 713
2635 785
2635 1053
2637 400
2640 349
2640 604
2640 492
2640 216
2640 728
2640 793
2640 1056
2640 1174
2640 621
2643 249
2643 32
2646 113
2648 993
2651 349
2653 1150
2655 474
2657 432
2661 492
2663 1186
2663 431
2663 200
2664 492
2668 432
2669 570
2669 657
2669 907
2673 728
2673 758
2678 1066
2678 216
2678 205
2678 689
2678 907
2678 1142
2678 1041
2678 1042
2678 865
2694 470
2702 759
2731 664
2743 593
2765 1042
2777 577
2778 972
2778 42
2778 772
2778 258
2778 713
2778 317
2778 682
2778 780
2778 942
2781 940
2783 1163
2783 492
2785 427
2785 291
2787 717
2787 224
2790 1175
2792 400
2792 450
2792 794
2796 505
2802 358
2805 474
2814 322
2816 1186
2820 462
2820 126
2824 817
2831 470
2831 961
2832 113
2832 759
2832 322
2832 828
2837 1035
2845 1047
2850 418
2859 350
2859 838
2859 203
2859 471
2859 570
2859 207
2859 1042
2874 350
2874 146
2874 490
2877 569
2882 997
2882 1143
2887 1042
2889 67
2898 350
2901 1153
2901 474
2901 522
2901 85
2901 676
2901 228
2901 1229
2903 1083
2903 402
2903 474
2903 759
2903 648
2903 228
2903 770
2907 1153
2917 401
2923 838
2924 492
2925 113
2925 152
2925 785
2925 648
2932 474
2932 450
2932 258
2932 66
2932 490
2932 828
2934 66
2935 1186
2935 474
2935 649
2937 817
2938 1153
2938 623
2938 348
2944 1078
2947 402
2947 98
2947 716
2947 447
2951 180
2951 604
2951 867
2958 113
2964 216
2966 877
2966 414
2967 17
2972 78
2974 918
2974 445
2974 897
2974 188
2974 419
2974 857
2974 940
2976 391
2976 736
2980 796
2980 805
2981 472
2983 249
2983 299
2983 840
2984 462
2984 1055
2984 480
2984 1206
2984 907
2984 775
2984 165
2984 274
2986 602
2986 925
2986 828
2990 636
2990 971
2990 832
2990 1055
2990 1186
2990 66
2990 826
2990 557
2990 117
2995 659
2997 462
2997 110
2997 193
2997 759
2997 550
2997 117
2998 759
3000 1000
3000 636
3000 210
3000 188
3000 463
3000 785
3000 946
3000 929
3002 249
3002 925
3015 1143
3016 492
3016 1066
3016 358
3016 759
3016 1175
3016 505
3016 1042
3018 90
3018 1155
3018 955
3023 676
3024 1042
3028 509
3029 1066
3033 888
3035 628
3035 1153
3035 925
3035 1066
3035 570
3035 281
3035 828
3039 368
3039 1153
3041 828
3046 743
3046 490
3055 895
3058 522
3071 628
3072 348
3073 249
3073 1047
3075 462
3075 1143
3079 474
3079 481
3079 1213
3079 770
3079 202
3079 1229
3079 1024
3083 480
3085 670
3085 607
3085 63
3085 113
3085 149
3085 1056
3085 361
3085 1033
3085 916
3085 1120
3092 313
3093 1056
3099 621
3099 1197
3101 965
3103 462
3103 827
3105 462
3105 657
3105 759
3105 1142
3105 166
3106 1083
3111 1153
3123 414
3123 968
3124 632
3129 840
3129 665
3129 1186
3129 234
3129 452
3130 462
3130 66
3130 828
3132 670
3133 759
3133 354
3133 299
3133 780
3135 743
3140 249
3141 228
3147 527
3152 759
3152 350
3155 751
3155 759
3155 615
3155 538
3156 1175
3159 113
3159 1094
3159 513
3159 5
3159 128
3159 1166
3159 934
3161 875
3164 66
3166 74
3166 547
3166 522
3166 605
3166 278
3166 760
3166 759
3166 1069
3166 202
3170 826
3170 7
3172 462
3173 1089
3177 682
3178 249
3178 47
3181 350
3181 1097
3187 805
3194 1139
3198 785
3202 462
3202 1139
3202 862
3202 474
3202 1143
3202 221
3203 10
3207 838
3214 893
3214 1035
3215 1153
3215 492
3215 801
3227 350
3227 1102
3227 1000
3227 737
3227 152
3227 489
3227 706
3230 838
3237 400
3237 794
3238 1143
3243 917
3248 759
3257 743
3262 474
3262 522
3264 922
3268 1143
3273 593
3273 249
3273 492
3273 401
3273 570
3273 338
3273 206
3273 480
3273 1024
3273 828
3278 992
3279 838
3286 1143
3287 79
3295 401
3295 899
3295 251
3295 1132
3295 1042
3297 670
3297 676
3298 759
3298 8
3300 759
3309 907
3310 414
3325 1083
3325 519
3325 474
3325 188
3325 1174
3325 637
3327 258
3336 80
3336 727
3336 467
3336 112
3336 283
3336 751
3336 975
3338 350
3342 925
3342 113
3342 1186
3342 828
3354 586
3360 1154
3366 474
3368 830
3370 522
3376 11
3376 898
3376 1166
3376 424
3376 842
3376 503
3377 812
3377 913
3377 474
3377 870
3377 907
3377 1003
3383 35
3383 648
3383 1143
3384 128
3388 862
3390 782
3398 918
3398 414
3398 830
3398 785
3398 196
3404 557
3407 1153
3408 1206
3414 480
3414 787
3417 414
3423 728
3423 474
3423 1055
3423 1186
3423 759
3423 245
3425 794
3431 0
3436 828
3437 670
3442 570
3442 832
3442 22
3442 575
3442 1071
3442 1003
3442 968
3453 780
3456 32
3469 1135
3472 709
3474 728
3477 1153
3479 249
3481 414
3482 1102
3482 1083
3482 832
3482 188
3482 534
3482 1229
3487 193
3496 461
3496 20
3496 188
3498 249
3498 299
3498 794
3503 753
3503 328
3503 1051
3503 300
3503 723
3503 308
3503 976
3503 235
3503 447
3505 884
3505 782
3515 550
3518 1139
3520 743
3520 1213
3520 713
3520 1142
3531 728
3531 794
3533 570
3537 1078
3537 125
3539 828
3540 274
3548 1194
3548 450
3548 432
3548 414
3548 1175
3552 193
3552 320
3552 1055
3552 616
3553 322
3555 492
3557 907
3561 177
3564 838
3564 632
3564 434
3564 534
3565 1213
3567 1153
3570 414
3572 1229
3590 1139
3598 396
3598 450
3603 249
3603 828
3609 468
3615 135
3616 113
3625 474
3626 971
3634 1229
3636 1186
3638 602
3638 944
3638 481
3638 353
3638 1175
3638 785
3640 737
3641 1100
3643 414
3646 385
3646 486
3646 228
3646 202
3646 1229
3646 1167
3648 53
3649 462
3649 743
3649 907
3649 648
3649 534
3662 792
3662 1061
3662 1227
3662 534
3668 113
3670 350
3671 902
3671 738
3671 1153
3672 1057
3672 911
3672 207
3677 249
3677 907
3680 490
3687 838
3691 474
3692 474
3692 480
3692 258
3692 1186
3700 1229
3702 689
3703 522
3703 1055
3703 1002
3703 414
3703 864
3703 231
3704 128
3709 649
3712 216
3718 223
3718 1153
3720 648
3722 832
3725 249
3731 889
3731 593
3731 596
3737 158
3742 570
3743 657
3743 492
3743 1066
3743 474
3743 258
3743 759
3743 414
3750 150
3750 617
3750 41
3750 131
3750 1017
3750 400
3751 1042
3751 155
3751 828
3755 737
3755 336
3755 827
3758 1083
3758 1066
3758 689
3758 907
3758 1135
3764 331
3765 758
3774 1194
3774 632
3775 228
3777 893
3778 737
3781 1175
3782 657
3797 632
3800 1213
3804 828
3808 350
3808 462
3808 338
3808 486
3808 1175
3808 517
3808 648
3808 785
3808 780
3812 354
3812 907
3819 1168
3823 1207
3823 263
3823 331
3832 355
3833 1188
3839 759
3840 838
3840 1109
3840 350
3840 474
3840 504
3840 364
3840 826
3840 228
3848 670
3848 925
3850 348
3855 782
3859 252
3859 348
3859 794
3862 1186
3864 570
3864 971
3864 474
3864 505
3865 731
3870 759
3871 728
3873 216
3877 35
3882 828
3885 759
3885 534
3885 1153
3887 774
3889 242
3889 249
3889 1066
3889 188
3889 785
3889 828
3890 1066
3890 840
3890 10
3890 522
3890 361
3891 400
3894 1140
3900 258
3900 326
3900 460
3900 757
3900 1119
3902 261
3902 228
3907 664
3909 1042
3912 970
3912 432
3912 348
3912 52
3922 52
3924 570
3925 110
3925 113
3925 395
3925 632
3925 793
3925 231
3925 1175
3925 785
3925 70
3925 828
3935 1066
3937 90
3937 917
3937 216
3937 737
3937 432
3937 1042
3939 79
3940 98
3949 825
3949 888
3949 1095
3954 838
3956 1116
3956 349
3956 1102
3956 1092
3956 113
3956 713
3956 1098
3958 258
3958 1188
3958 696
3958 490
3960 462
3960 1153
3960 474
3960 1055
3960 1175
3960 1042
3964 785
3968 571
3969 128
3976 1218
3978 782
3981 522
3981 907
3981 840
3982 216
3984 299
3985 462
4034 993
4034 751
4034 414
4034 272
4034 946
4034 230
4040 470
4054 785
4055 961
4058 249
4058 628
4058 474
4058 338
4058 206
4058 1088
4058 534
4063 348
4070 794
4071 655
4071 111
4076 196
4077 450
4081 743
4081 60
4082 1139
4090 968
4091 395
4091 492
4094 350
4107 877
4107 338
4107 387
4107 117
4110 1186
4115 395
4115 907
4115 97
4116 959
4118 1173
4118 685
4118 1207
4118 489
4120 822
4120 649
4120 110
4122 53
4123 728
4124 1024
4124 97
4130 113
4135 492
4137 930
4137 113
4137 632
4137 1206
4137 1143
4137 527
4137 534
4137 1016
4137 1229
4137 1024
4141 1083
4144 1047
4145 593
4146 657
4146 607
4146 492
4146 570
4146 1042
4147 981
4147 193
4147 216
4147 414
4150 1149
4150 505
4150 907
4150 182
4152 474
4152 965
4153 1139
4153 79
4153 659
4153 1130
4153 984
4153 534
4153 1024
4154 249
4168 1143
4169 669
4169 893
4169 504
4169 1002
4169 685
4169 43
4169 775
4169 912
4170 1175
4170 1200
4172 896
4173 492
4173 694
4173 959
4173 899
4173 6
4173 71
4173 1095
4175 261
4175 918
4175 216
4175 936
4175 545
4175 1227
4175 117
4176 728
4176 1175
4176 505
4176 354
4179 743
4182 641
4182 450
4186 1135
4188 505
4188 490
4192 348
4193 713
4205 758
4209 75
4214 677
4216 689
4222 1116
4235 108
4244 1035
4245 1055
4252 759
4261 249
4262 249
4262 368
4263 668
4263 207
4268 922
4268 800
4268 84
4268 60
4268 340
4268 888
4271 998
4271 745
4271 220
4271 1166
4271 128
4279 1142
4279 1097
4284 1020
4284 949
4284 85
4284 759
4284 1117
4284 907
4284 858
4284 56
4286 1126
4286 759
4286 33
4286 502
4288 817
4289 907
4292 249
4292 907
4293 828
4295 342
4302 907
4310 522
4310 1166
4310 128
4310 268
4312 480
4314 1042
4314 1128
4315 193
4326 851
4340 261
4344 249
4344 907
4344 428
4351 34
4351 554
4354 414
4354 193
4354 557
4355 474
4356 1203
4356 971
4356 632
4356 1142
4356 534
4356 400
4360 971
4361 126
4367 766
4380 128
4382 505
4383 838
4383 649
4383 587
4389 1102
4389 1153
4389 779
4393 1042
4400 462
4400 249
4400 775
4404 410
4406 113
4407 1
4407 426
4407 917
4407 492
4407 412
4407 685
4407 1175
4407 637
4407 1042
4411 602
4415 158
4415 185
4415 494
4415 384
4415 1176
4415 354
4415 221
4415 1100
4416 1153
4419 1153
4422 194
4422 1001
4422 1068
4422 231
4423 887
4430 987
4430 594
4430 490
4432 971
4433 206
4438 32
4440 759
4440 32
4440 828
4453 1119
4456 1066
4457 1042
4457 622
4457 490
4460 847
4465 228
4468 704
4468 414
4468 1143
4470 828
4472 113
4481 838
4482 748
4494 350
4494 827
4497 480
4497 32
4501 113
4501 785
4501 1097
4501 828
4514 602
4514 490
4514 1143
4520 1035
4530 817
4530 904
4530 414
4530 1175
4530 864
4530 400
4532 522
4538 927
4546 1139
4548 657
4552 70
4555 276
4555 492
4555 867
4555 113
4555 841
4555 180
4555 1010
4555 236
4564 860
4572 758
4576 450
4576 348
4578 613
4578 338
4578 959
4578 828
4580 840
4581 1188
4581 128
4581 649
4581 828
4583 621
4583 1078
4583 867
4585 743
4585 1035
4585 53
4585 833
4585 505
4585 880
4585 1115
4585 490
4585 828
4586 737
4588 1143
4589 892
4589 35
4589 961
4589 621
4589 53
4589 1229
4589 828
4591 648
4593 354
4593 217
4595 1175
4607 1031
4609 117
4611 199
4611 188
4611 1041
4613 90
4616 616
4625 97
4626 492
4630 358
4630 907
4630 817
4638 349
4639 1018
4640 1042
4641 249
4645 1139
4645 925
4645 467
4645 822
4645 414
4645 1042
4646 607
4646 1155
4646 570
4646 614
4646 794
4646 405
4646 1186
4646 685
4646 317
4649 1056
4650 1153
4650 110
4655 350
4659 743
4667 1153
4675 598
4675 492
4675 400
4675 331
4679 860
4681 1186
4681 884
4682 432
4689 249
4689 1153
4689 893
4689 215
4689 113
4689 759
4689 785
4689 557
4689 757
4690 400
4690 759
4690 840
4692 505
4693 972
4695 1066
4703 925
4704 113
4704 163
4704 217
4704 793
4704 218
4704 1142
4706 619
4706 474
4706 55
4706 100
4715 774
4717 1139
4717 918
4717 480
4717 1038
4717 1214
4717 654
4720 1066
4725 1055
4729 775
4731 1139
4732 682
4732 492
4733 759
4738 640
4742 570
4742 1213
4742 794
4742 432
4742 1107
4742 1228
4742 534
4742 196
4744 1180
4744 89
4744 1143
4746 350
4756 261
4756 455
4756 862
4756 347
4756 1143
4756 228
4756 1024
4757 249
4757 961
4757 862
4757 633
4757 722
4761 619
4761 492
4761 414
4761 1175
4761 713
4761 637
4765 505
4768 1066
4771 470
4772 261
4772 949
4772 793
4772 621
4773 258
4779 1175
4782 455
4788 42
4793 838
4793 35
4793 657
4793 481
4793 1055
4793 1180
4793 785
4793 1143
4793 117
4793 637
4797 110
4804 907
4814 183
4816 670
4816 1177
4821 113
4821 110
4821 401
4821 737
4821 1107
4821 117
4824 350
4824 349
4824 492
4824 193
4824 338
4824 362
4824 557
4824 1017
4826 152
4826 1175
4833 925
4838 90
4838 604
4838 193
4838 216
4838 665
4838 1129
4838 322
4838 355
4838 490
4842 253
4842 619
4842 110
4842 358
4842 676
4842 1068
4842 563
4842 1026
4842 828
4843 56
4843 492
4843 1035
4848 575
4851 113
4853 602
4860 713
4862 509
4865 1142
4876 474
4877 657
4879 593
4881 1139
4881 84
4881 547
4881 632
4881 759
4881 713
4881 1095
4883 737
4884 515
4884 619
4884 1142
4891 1153
4892 828
4895 450
4905 888
4909 231
4913 522
4915 470
4918 828
4919 785
4921 280
4930 117
4932 593
4932 113
4932 474
4932 358
4932 1213
4932 680
4932 124
4937 575
4937 1142
4937 1114
4937 1046
4940 1043
4940 135
4946 1216
4946 216
4946 728
4946 792
4946 358
4946 66
4946 947
4946 1182
4947 670
4948 743
4949 793
4949 847
4949 505
4949 828
4952 743
4953 1083
4953 18
4953 868
4953 338
4953 281
4953 1097
4956 557
4960 925
4976 1102
4981 217
4983 455
4983 474
4983 84
4983 188
4983 258
4983 414
4986 759
4986 1228
4986 1229
4986 828
4987 35
4987 657
4987 261
4987 249
4987 401
4987 1050
4987 497
4987 228
4987 202
4990 621
4993 113
4996 1203
5002 670
5002 550
5006 670
5007 0
5010 492
5010 840
5010 547
5010 632
5010 949
5013 61
5015 805
5017 610
5021 907
5021 1153
5021 1143
5023 602
5023 521
5023 338
5023 412
5023 826
5023 348
5025 838
5025 35
5025 338
5025 414
5026 8
5026 658
5026 972
5026 385
5026 833
5026 907
5026 827
5029 515
5036 893
5036 193
5036 570
5036 1025
5036 39
5036 196
5038 966
5042 120
5042 852
5042 979
5042 1042
5042 196
5047 670
5054 828
5060 828
5063 534
5067 925
5073 527
5075 1102
5077 765
5077 400
5077 1088
5079 950
5079 348
5079 1042
5079 1118
5085 780
5085 354
5085 163
5090 904
5091 1017
5097 971
5097 759
5100 506
5100 610
5100 547
5100 43
5100 826
5102 1139
5103 925
5103 1139
5103 193
5103 474
5103 1174
5103 1047
5103 1100
5104 196
5113 759
5117 249
5120 593
5120 492
5120 612
5120 274
5129 470
5129 492
5129 233
5129 244
5129 505
5129 234
5129 1042
5129 828
5132 728
5134 249
5134 840
5134 474
5134 202
5134 490
5135 925
5135 215
5135 113
5135 571
5135 766
5135 1055
5135 557
5135 527
5135 1215
5135 654
5139 450
5141 1143
5141 350
5141 918
5141 522
5141 826
5141 348
5150 570
5151 350
5153 128
5155 53
5158 606
5159 470
5159 193
5159 1106
5159 759
5159 128
5159 1200
5159 388
5159 1119
5159 828
5164 994
5164 737
5164 1068
5164 396
5165 875
5166 232
5166 338
5166 751
5166 654
5167 110
5172 728
5172 1186
5172 414
5172 1017
5174 707
5180 1045
5180 670
5180 1116
5184 505
5185 505
5192 1066
5192 1186
5192 795
5192 128
5196 1143
5198 785
5202 206
5202 1106
5202 1035
5202 1215
5204 112
5205 907
5208 593
5208 363
5208 829
5208 1042
5210 907
5212 759
5212 35
5215 743
5220 794
5225 1116
5226 568
5226 7
5226 553
5226 492
5226 84
5226 404
5226 362
5226 180
5229 1116
5229 1079
5231 785
5232 918
5232 113
5232 188
5232 897
5232 1088
5232 785
5232 826
5232 1119
5234 492
5234 193
5234 474
5234 432
5234 896
5241 410
5247 492
5247 570
5247 258
5247 228
5247 637
5253 471
5265 79
5268 414
5272 432
5274 610
5274 659
5274 1175
5274 1166
5274 1143
5278 1016
5278 470
5278 896
5281 907
5283 1055
5285 1066
5286 338
5286 665
5286 432
5286 414
5286 420
5286 713
5286 726
5286 400
5286 828
5289 925
5293 621
5299 862
5299 610
5299 347
5299 1143
5302 826
5308 925
5312 1153
5312 1213
5312 432
5312 899
5312 75
5316 492
5325 838
5331 1066
5332 1228
5335 897
5343 1180
5351 348
5353 470
5353 1066
5353 867
5353 1071
5353 271
5353 779
5353 1042
5353 649
5360 249
5360 1066
5360 971
5360 785
5361 1066
5367 893
5367 840
5367 474
5367 1042
5369 1097
5380 759
5381 759
5385 828
5394 619
5394 1142
5395 35
5395 1153
5395 893
5395 113
5395 832
5395 676
5395 231
5396 782
5400 599
5401 84
5409 1139
5410 107
5412 1119
5413 492
5414 1153
5414 224
5414 492
5414 943
5428 450
5428 702
5428 1066
5434 586
5434 769
5436 500
5436 386
5438 759
5438 937
5438 907
5438 273
5438 947
5446 602
5446 1117
5451 1071
5463 1174
5463 1116
5463 193
5465 893
5465 216
5465 877
5465 49
5465 432
5465 578
5467 348
5475 1102
5475 1153
5475 1139
5475 658
5475 188
5475 284
5475 785
5475 1143
5475 1229
5478 350
5481 711
5481 1149
5481 1188
5481 182
5481 654
5487 319
5487 1180
5488 46
5489 649
5490 759
5490 1143
5493 1153
5493 828
5495 188
5505 1079
5507 322
5510 1066
5510 594
5510 817
5510 450
5510 53
5510 183
5513 1143
5519 759
5524 42
5524 474
5524 759
5524 1003
5530 602
5534 782
5536 462
5536 1066
5537 1226
5537 243
5537 590
5538 759
5538 838
5538 1066
5541 828
5542 1168
5555 619
5561 918
5563 1196
5573 602
5573 833
5579 388
5579 707
5584 1153
5584 774
5584 1139
5584 925
5584 658
5584 480
5584 432
5586 228
5586 470
5586 139
5590 224
5590 1066
5590 1132
5596 989
5603 619
5603 1142
5604 1024
5606 110
5606 766
5606 944
5606 365
5606 1180
5606 202
5606 1229
5607 299
5609 1143
5612 534
5612 400
5612 628
5613 490
5615 570
5615 216
5615 414
5615 362
5615 682
5615 616
5615 1114
5618 414
5621 43
5621 621
5621 780
5621 828
5625 759
5625 827
5627 752
5628 188
5631 632
5633 1017
5637 52
5639 670
5653 649
5657 331
5669 828
5677 112
5677 113
5677 493
5677 110
5677 152
5677 888
5677 966
5677 61
5680 743
5680 1055
5691 785
5691 925
5694 585
5694 805
5713 216
5713 249
5713 743
5715 474
5715 249
5718 462
5718 657
5719 759
5725 1056
5725 673
5725 1200
5725 1119
5727 492
5729 743
5740 906
5744 110
5744 194
5744 759
5744 1175
5744 1135
5754 534
5754 261
5760 452
5761 1116
5761 391
5761 840
5761 492
5761 74
5761 1186
5761 354
5761 1080
5761 828
5762 249
5774 492
5774 820
5774 227
5774 143
5777 35
5777 462
5777 403
5777 594
5777 450
5777 1035
5777 704
5777 907
5777 828
5779 249
5780 594
5780 463
5780 1186
5780 907
5780 23
5780 785
5780 1098
5783 621
5785 1188
5785 822
5785 1139
5788 1082
5798 249
5801 249
5814 863
5815 637
5815 621
5816 350
5816 1042
5817 838
5817 1066
5817 113
5817 971
5817 632
5817 258
5817 66
5817 1142
5817 1143
5820 610
5820 128
5820 92
5823 743
5823 249
5823 821
5823 883
5823 1117
5823 1229
5824 249
5824 759
5824 907
5824 202
5825 1024
5832 1024
5832 867
5835 1118
5836 1102
5836 893
5836 475
5836 135
5836 689
5836 751
5836 85
5836 713
5836 271
5842 19
5842 827
5844 193
5850 450
5854 1043
5854 981
5859 110
5861 743
5867 53
5870 258
5872 1168
5872 1153
5872 1024
5878 593
5887 228
5888 53
5899 1056
5907 258
5909 1143
5910 602
5910 593
5911 249
5913 534
5923 857
5926 602
5930 135
5930 190
5931 432
5936 557
5937 34
5939 840
5942 946
5942 1087
5942 52
5942 241
5945 838
5954 817
5957 517
5968 1160
5970 470
5970 968
5970 48
5971 268
5974 540
5974 1225
5974 83
5974 165
5974 1141
5974 1186
5974 759
5974 202
5974 828
5977 462
5978 462
5983 627
5985 931
5997 506
5997 707
5997 955
5997 907
5997 1003
5997 254
5997 1024
5999 273
6002 1119
6002 1153
6002 1068
6004 1153
6009 414
6014 1186
6014 492
6021 84
6021 372
6021 490
6025 1206
6025 400
6029 98
6035 429
6037 490
6040 509
6040 570
6040 993
6040 610
6040 338
6040 907
6040 616
6040 637
6040 534
6043 86
6048 350
6048 249
6048 188
6050 780
6050 1188
6050 547
6054 58
6055 462
6055 112
6055 570
6055 767
6055 1230
6055 794
6055 117
6062 249
6062 506
6062 619
6062 1000
6062 274
6062 929
6066 743
6066 1066
6066 594
6066 474
6066 1229
6070 492
6077 828
6084 246
6084 915
6086 1153
6092 1130
6095 400
6095 492
6095 354
6096 805
6096 738
6096 943
6096 759
6096 785
6096 396
6103 196
6104 759
6110 547
6114 547
6119 1228
6124 37
6132 628
6132 492
6132 474
6132 875
6132 611
6132 268
6132 1091
6133 128
6133 871
6133 875
6139 649
6142 785
6152 828
6157 401
6157 474
6157 1147
6157 1042
6158 952
6163 202
6168 1042
6171 828
6182 972
6182 492
6184 354
6185 1139
6194 1115
6200 394
6206 465
6206 350
6206 1155
6206 193
6206 312
6207 805
6207 547
6207 1188
6207 1143
6207 835
6208 1056
6211 72
6215 450
6216 1131
6216 1035
6221 1153
6221 632
6221 1143
6227 884
6232 254
6235 628
6235 925
6240 146
6240 897
6240 785
6240 70
6242 785
6243 146
6246 619
6247 249
6247 971
6247 1094
6247 886
6247 513
6247 648
6247 248
6249 562
6259 232
6266 522
6270 1139
6273 907
6281 1079
6281 401
6283 268
6284 216
6285 492
6287 319
6287 619
6287 1203
6287 474
6287 907
6287 1143
6287 534
6293 759
6297 907
6300 492
6300 1174
6300 362
6300 1175
6302 216
6302 722
6302 968
6305 766
6305 547
6305 1175
6305 354
6305 1142
6307 35
6309 894
6311 1066
6311 113
6311 354
6311 254
6319 1139
6319 193
6319 113
6319 1206
6319 676
6322 1024
6329 970
6330 450
6332 594
6335 338
6343 1045
6345 1042
6351 774
6351 785
6354 413
6356 1180
6361 1042
6361 743
6361 1083
6362 1153
6365 480
6365 785
6366 828
6368 1186
6372 462
6372 1153
6372 793
6372 1174
6373 1109
6373 414
6376 1175
6384 759
6385 1139
6386 1175
6388 676
6388 942
6389 1098
6394 893
6395 828
6406 1035
6406 657
6406 1125
6412 4
6417 832
6417 840
6420 1186
6425 743
6425 522
6425 481
6425 832
6425 414
6425 888
6425 780
6425 1229
6429 1153
6429 506
6429 793
6429 152
6429 759
6429 1218
6432 1143
6433 452
6438 1153
6439 893
6441 1011
6441 462
6441 225
6442 1116
6442 177
6442 90
6442 462
6442 867
6442 216
6442 728
6442 586
6442 1175
6447 85
6451 604
6453 350
6453 570
6453 414
6453 1042
6454 1035
6455 670
6455 470
6455 570
6455 832
6455 414
6455 299
6455 960
6455 366
6455 1098
6458 966
6463 907
6480 1066
6481 110
6481 642
6481 676
6481 649
6484 785
6489 785
6490 240
6490 774
6490 925
6493 828
6496 1116
6499 1153
6500 738
6501 249
6502 785
6503 785
6503 649
6504 1102
6504 657
6504 1216
6504 249
6504 462
6504 188
6504 36
6504 312
6506 1143
6514 663
6520 188
6520 450
6520 1232
6520 843
6520 1164
6521 602
6521 971
6521 1171
6521 348
6525 1175
6532 966
6533 82
6538 462
6541 1079
6541 1103
6544 255
6545 1083
6549 759
6554 917
6556 1142
6557 862
6557 610
6557 522
6557 98
6557 1130
6559 228
6559 838
6560 759
6560 1079
6560 817
6563 828
6565 955
6565 716
6565 1124
6565 1064
6565 99
6565 934
6569 1017
6573 4
6573 1035
6574 113
6574 570
6574 1174
6574 751
6574 1206
6574 414
6574 1079
6585 338
6585 959
6585 414
6585 828
6589 8
6591 918
6594 586
6595 348
6600 594
6600 522
6600 794
6600 751
6600 1175
6600 1207
6600 274
6600 441
6602 474
6602 547
6602 926
6602 93
6602 928
6606 94
6607 358
6608 838
6608 158
6611 1055
6611 1153
6613 110
6622 972
6622 840
6624 1098
6628 610
6628 196
6630 113
6630 586
6630 490
6630 828
6633 117
6634 480
6634 509
6634 1139
6636 18
6636 474
6636 317
6636 637
6636 828
6637 593
6637 893
6637 322
6637 782
6637 216
6637 338
6637 206
6637 549
6637 1042
6637 1100
6640 8
6640 90
6640 216
6640 907
6640 826
6640 165
6640 1207
6640 828
6642 474
6651 934
6652 676
6652 1119
6654 70
6654 1153
6659 474
6659 1066
6663 930
6663 18
6663 971
6663 474
6663 216
6663 135
6663 358
6663 414
6663 828
6666 887
6666 545
6666 364
6666 888
6666 534
6666 1181
6666 119
6671 188
6677 621
6678 893
6687 649
6690 1035
6693 657
6693 893
6693 474
6693 609
6693 907
6694 604
6694 840
6694 1114
6694 696
6694 55
6698 737
6698 759
6698 299
6705 400
6705 832
6705 881
6707 1186
6711 925
6712 828
6714 492
6714 733
6714 782
6715 1109
6718 146
6718 1084
6718 828
6719 670
6719 550
6720 113
6720 1174
6720 759
6720 713
6720 322
6726 1035
6732 253
6734 462
6736 193
6736 450
6736 218
6736 720
6737 570
6737 113
6737 414
6737 43
6737 1143
6737 228
6742 828
6743 610
6743 490
6743 626
6748 1055
6750 113
6751 13
6759 146
6759 785
6762 256
6767 743
6767 1055
6769 1116
6770 400
6771 470
6771 30
6771 570
6771 532
6771 414
6771 271
6772 522
6776 480
6776 925
6777 1139
6778 1186
6778 414
6778 925
6779 1168
6779 619
6779 925
6779 361
6779 116
6785 557
6798 1143
6801 522
6801 632
6801 648
6805 249
6805 1083
6805 610
6805 128
6805 534
6807 84
6807 793
6807 1175
6807 713
6807 637
6808 462
6808 492
6808 789
6810 152
6816 893
6816 492
6816 338
6816 432
6816 1186
6816 1175
6816 1033
6816 170
6817 349
6819 881
6820 1047
6826 386
6829 718
6830 474
6830 1035
6830 52
6830 534
6831 474
6833 621
6833 492
6835 540
6835 401
6835 194
6835 676
6838 284
6843 664
6843 30
6843 791
6843 384
6843 84
6843 685
6843 826
6843 637
6843 1136
6845 1066
6849 646
6851 917
6853 609
6863 676
6863 1153
6863 150
6864 522
6864 817
6864 193
6879 907
6884 1196
6891 1153
6891 907
6891 828
6894 1063
6894 281
6894 212
6898 450
6900 860
6901 249
6905 492
6905 216
6905 505
6905 1180
6905 557
6905 372
6914 113
6914 1186
6914 751
6914 1218
6914 713
6914 759
6914 1229
6915 737
6919 817
6919 128
6919 1139
6920 358
6920 1002
6920 965
6920 305
6920 1009
6920 1132
6920 538
6922 216
6922 1230
6922 188
6922 829
6922 1186
6922 1143
6922 53
6925 745
6926 492
6926 759
6926 202
6926 274
6926 1229
6926 828
6940 249
6950 817
6952 1024
6955 148
6961 1139
6964 261
6964 619
6964 74
6964 216
6964 258
6964 814
6964 759
6964 785
6964 1098
6967 1227
6970 350
6981 218
6981 400
6986 462
6986 519
6986 410
6986 547
6986 1035
6986 414
6986 751
6986 1175
6987 348
6990 400
6994 505
7001 1079
7004 728
7009 759
7011 1139
7011 216
7011 1230
7011 949
7011 751
7012 66
7014 358
7020 670
7020 774
7022 522
7022 1153
7027 395
7027 263
7039 793
7039 492
7050 249
7052 450
7052 899
7052 361
7052 621
7052 128
7052 687
7052 388
7060 759
7060 166
7060 105
7062 765
7062 399
7062 1031
7062 897
7062 785
7062 183
7062 963
7069 1116
7080 926
7080 217
7080 897
7080 704
7080 616
7080 828
7083 1042
7087 414
7094 1042
7104 620
7104 188
7104 485
7104 951
7104 1079
7104 565
7104 1042
7107 793
7107 1186
7107 414
7107 1175
7107 1107
7113 1218
7115 432
7116 1138
7116 113
7116 93
7116 1117
7122 256
7122 832
7122 995
7122 188
7122 1035
7122 899
7122 759
7122 271
7124 743
7124 492
7124 474
7124 547
7124 358
7124 258
7124 362
7124 713
7124 1100
7125 785
7126 632
7132 474
7132 34
7133 480
7134 1165
7135 576
7135 323
7135 402
7139 1081
7145 1066
7151 93
7152 886
7152 188
7155 112
7157 794
7166 15
7167 842
7167 67
7170 1153
7171 1083
7171 492
7171 547
7171 632
7171 793
7171 815
7171 826
7171 534
7177 474
7177 1166
7177 128
7177 1052
7177 1142
7177 259
7177 174
7178 470
7178 1230
7178 490
7178 1100
7189 1050
7189 53
7191 922
7191 1097
7201 781
7201 688
7201 492
7201 432
7201 1142
7201 1047
7207 470
7207 617
7207 570
7207 547
7207 345
7207 16
7207 400
7217 216
7217 971
7217 412
7217 258
7217 1166
7217 505
7217 1068
7219 731
7225 242
7226 150
7226 395
7226 1003
7226 567
7232 414
7232 785
7236 1153
7237 462
7243 462
7245 743
7245 67
7253 113
7254 490
7260 877
7260 793
7262 479
7262 168
7262 715
7262 962
7262 207
7262 759
7262 974
7262 181
7267 661
7268 632
7277 1153
7277 782
7277 867
7277 216
7277 84
7277 338
7277 1035
7277 751
7277 713
7277 322
7278 649
7290 188
7292 474
7292 828
7296 249
7296 1025
7296 450
7299 1200
7303 743
7304 35
7304 907
7304 1143
7313 250
7331 462
7331 907
7338 930
7338 1211
7338 586
7338 1055
7338 793
7338 1186
7338 759
7338 1042
7338 1221
7340 264
7340 377
7340 925
7344 522
7345 193
7345 338
7345 822
7345 522
7345 1186
7345 759
7345 414
7345 1143
7345 789
7347 463
7350 614
7350 957
7353 904
7358 110
7362 117
7366 350
7366 593
7366 925
7366 728
7366 995
7366 759
7366 298
7366 888
7367 877
7368 53
7372 907
7377 84
7382 522
7382 828
7392 643
7392 1217
7392 1074
7398 893
7398 635
7407 925
7414 348
7418 1143
7426 907
7430 138
7431 32
7434 1175
7434 110
7436 474
7436 670
7436 657
7447 860
7449 735
7449 492
7449 188
7449 247
7449 1119
7451 8
7452 1066
7454 971
7456 474
7456 1056
7456 1117
7456 1175
7456 826
7463 785
7464 743
7464 1049
7464 945
7464 505
7464 88
7468 737
7472 648
7474 467
7474 785
7474 782
7492 599
7497 743
7501 743
7502 158
7502 707
7502 296
7502 490
7502 1024
7502 828
7503 70
7505 113
7505 728
7505 474
7505 794
7505 432
7505 1161
7507 168
7507 135
7507 1186
7507 116
7507 759
7507 907
7507 1229
7507 890
7507 1024
7510 1175
7511 42
7511 1102
7511 796
7512 1036
7512 139
7517 1175
7520 789
7529 155
7533 462
7533 1175
7536 992
7536 907
7536 258
7542 759
7542 793
7545 474
7546 1186
7546 492
7546 348
7550 262
7550 593
7550 1068
7556 265
7556 570
7556 778
7556 450
7556 663
7556 75
7556 1041
7556 20
7556 865
7562 1206
7562 261
7564 186
7564 672
7564 199
7564 450
7564 511
7564 1003
7564 312
7564 330
7564 1182
7566 670
7572 249
7574 207
7574 1175
7574 1122
7574 828
7578 378
7578 1174
7578 725
7578 1042
7578 1081
7582 470
7583 972
7585 522
7586 1153
7588 828
7590 838
7590 522
7590 759
7590 637
7590 534
7593 593
7593 492
7594 349
7594 1153
7594 604
7594 492
7594 414
7594 271
7594 1228
7594 828
7606 670
7611 1234
7611 670
7611 1054
7611 1187
7611 888
7611 826
7616 175
7616 356
7616 188
7616 1035
7616 525
7616 534
7616 1042
7624 1175
7624 506
7624 490
7625 462
7625 1229
7625 793
7632 1139
7635 838
7635 743
7635 261
7635 893
7635 492
7635 1035
7635 348
7639 299
7640 628
7640 981
7640 893
7640 540
7640 959
7640 348
7640 591
7640 534
7642 1066
7644 462
7644 18
7644 594
7644 258
7644 432
7644 759
7644 299
7644 534
7644 828
7647 348
7651 659
7651 743
7652 480
7652 491
7652 794
7659 73
7659 228
7661 838
7661 97
7661 384
7661 10
7661 817
7661 1218
7661 202
7661 1024
7664 350
7664 1066
7670 1066
7670 793
7670 785
7670 1215
7674 751
7674 1139
7679 620
7679 414
7679 218
7679 802
7679 1024
7680 1175
7680 450
7692 350
7697 1147
7697 1108
7702 135
7702 338
7702 152
7702 85
7702 117
7702 53
7702 1053
7702 828
7706 113
7706 959
7706 534
7706 967
7708 1035
7715 671
7715 294
7715 74
7715 481
7715 832
7715 1204
7715 202
7715 1229
7719 113
7723 830
7723 404
7724 400
7724 735
7724 331
7725 632
7725 1166
7736 202
7736 1155
7736 348
7737 1119
7737 785
7743 828
7749 610
7754 1203
7763 1024
7773 522
7773 32
7773 1040
7773 505
7779 462
7779 249
7779 1153
7779 1066
7779 458
7779 338
7779 955
7779 648
7779 348
7786 1066
7786 151
7786 513
7786 1180
7786 907
7786 785
7786 67
7786 534
7787 676
7790 66
7791 462
7791 158
7791 258
7791 1175
7791 348
7791 828
7799 432
7801 1055
7801 76
7802 522
7803 925
7806 462
7806 338
7806 432
7806 759
7806 1180
7806 348
7806 827
7810 886
7810 1002
7811 743
7813 759
7821 860
7826 925
7826 110
7826 193
7826 492
7826 338
7826 1056
7826 414
7826 1180
7826 828
7827 1188
7828 196
7834 414
7840 1068
7844 534
7844 961
7847 66
7851 90
7851 1035
7858 377
7866 414
7866 400
7866 193
7873 556
7873 586
7873 329
7876 1000
7876 694
7876 712
7876 929
7880 249
7880 1153
7880 619
7880 1139
7880 743
7880 474
7880 522
7880 414
7882 470
7882 728
7882 152
7882 505
7910 640
7914 1175
7914 505
7914 517
7914 775
7914 1024
7916 971
7916 462
7916 759
7919 224
7919 793
7919 1175
7919 616
7925 759
7926 860
7928 348
7946 1083
7946 707
7946 1066
7946 474
7946 522
7946 1143
7946 202
7948 544
7951 492
7951 570
7951 84
7951 1186
7951 713
7953 888
7957 826
7961 1073
7961 961
7961 862
7961 610
7961 1204
7961 716
7961 50
7961 646
7963 897
7965 1097
7965 1143
7968 895
7968 648
7968 79
7971 670
7971 481
7971 793
7971 283
7971 648
7971 166
7973 632
7979 1023
7982 817
7987 670
7988 570
7988 358
7988 52
7988 828
7989 66
7991 713
7997 492
7997 338
7997 395
7997 1186
7997 43
7997 888
7997 1071
7997 202
7997 884
8002 1083
8006 737
8006 43
8008 1083
8008 1024
8008 867
8012 128
8025 454
8025 664
8025 570
8025 338
8025 1186
8025 218
8025 452
8025 686
8025 826
8026 115
8030 794
8031 728
8037 188
8039 972
8039 462
8039 1119
8041 713
8045 228
8045 1153
8045 785
8049 1102
8049 938
8052 1142
8053 1042
8053 759
8053 450
8054 474
8055 492
8061 348
8063 785
8065 414
8067 794
8070 670
8078 621
8079 628
8080 1066
8082 780
8082 474
8084 1153
8084 619
8084 492
8084 112
8084 113
8084 972
8084 201
8084 1143
8084 228
8087 207
8095 1229
8097 35
8097 1175
8101 1153
8101 261
8106 759
8106 261
8107 785
8112 261
8113 336
8113 981
8113 270
8113 722
8125 1175
8125 450
8125 828
8127 1023
8129 737
8134 60
8149 350
8151 492
8154 1042
8154 1090
8156 1153
8156 414
8156 773
8156 1175
8156 637
8173 193
8174 299
8179 150
8179 828
8181 43
8181 395
8184 805
8184 113
8184 216
8184 193
8184 84
8184 1047
8184 1175
8184 637
8184 1053
8190 759
8190 474
8190 1143
8194 260
8194 840
8194 972
8194 359
8194 673
8194 516
8194 687
8194 637
8198 1035
8201 480
8201 210
8201 354
8201 53
8202 750
8202 474
8202 514
8202 354
8202 595
8204 1186
8206 520
8206 570
8206 828
8206 12
8206 632
8206 432
8206 331
8207 474
8207 657
8214 350
8216 522
8222 1142
8223 759
8233 1139
8238 557
8239 782
8239 216
8239 751
8239 68
8251 462
8257 52
8257 1033
8257 1042
8257 649
8260 299
8260 925
8262 196
8264 67
8269 1229
8270 228
8270 659
8270 955
8278 85
8278 1153
8278 828
8286 231
8288 670
8288 492
8288 828
8295 863
8308 1143
8313 1139
8313 828
8318 1175
8318 893
8324 350
8324 2
8324 47
8324 492
8324 680
8324 713
8324 915
8324 429
8324 1222
8326 1229
8327 228
8330 838
8330 527
8336 350
8336 1117
8338 1153
8343 1175
8343 414
8344 766
8347 593
8347 249
8347 1153
8347 840
8347 1139
8347 113
8347 216
8347 1035
8347 432
8352 522
8352 205
8352 411
8352 517
8352 190
8352 648
8352 221
8352 828
8365 66
8372 805
8375 534
8375 1153
8375 261
8377 474
8379 400
8381 1097
8383 113
8385 743
8385 249
8385 840
8385 1175
8385 354
8385 1142
8388 534
8388 1116
8390 113
8391 401
8392 518
8395 1116
8395 837
8395 1139
8395 113
8395 450
8395 362
8395 785
8402 1147
8404 242
8404 925
8404 1035
8404 785
8404 557
8409 1066
8412 249
8412 417
8412 1066
8412 401
8412 474
8412 847
8412 272
8419 492
8421 1229
8428 794
8430 93
8430 348
8433 860
8434 850
8435 338
8435 189
8435 322
8435 1182
8440 1139
8440 216
8440 432
8440 785
8440 1042
8440 828
8442 113
8446 480
8454 113
8458 188
8458 751
8458 1088
8458 1098
8458 828
8467 490
8480 404
8480 1174
8480 464
8480 1143
8480 19
8486 840
8490 917
8490 135
8490 547
8490 554
8490 828
8496 759
8498 249
8498 490
8500 225
8506 1153
8506 1119
8507 593
8520 759
8521 670
8521 348
8522 35
8522 365
8528 462
8528 907
8529 1116
8529 1153
8529 925
8529 258
8529 1206
8529 53
8531 688
8531 840
8531 965
8531 759
8531 362
8531 1143
8531 637
8531 400
8538 785
8543 400
8551 632
8551 258
8553 1109
8562 416
8570 610
8570 303
8570 522
8570 411
8570 280
8570 907
8570 969
8573 113
8573 414
8573 557
8573 1118
8575 1143
8576 1056
8579 785
8585 971
8585 218
8591 414
8592 838
8592 1139
8592 401
8592 113
8592 728
8592 547
8592 188
8592 676
8592 826
8592 828
8594 657
8599 1143
8602 918
8602 959
8602 817
8602 297
8602 1186
8602 414
8602 809
8605 530
8608 117
8613 875
8616 207
8619 497
8621 593
8621 492
8624 216
8624 828
8624 1186
8624 1047
8624 331
8625 676
8627 492
8627 1139
8627 193
8628 45
8636 782
8639 188
8639 53
8639 152
8639 534
8639 271
8639 785
8639 687
8639 797
8650 1009
8653 614
8654 414
8655 135
8656 474
8666 1067
8666 84
8666 947
8666 1134
8666 828
8667 1082
8667 604
8667 995
8667 1174
8667 1129
8667 414
8667 271
8667 1079
8667 196
8670 947
8672 570
8674 152
8674 862
8674 703
8677 128
8678 1153
8678 966
8679 480
8683 358
8686 1153
8689 1116
8689 19
8689 1097
8697 1066
8697 53
8697 947
8697 827
8699 216
8699 75
8699 591
8699 1042
8699 828
8709 1066
8719 971
8719 737
8719 759
8719 1166
8726 598
8726 352
8726 365
8726 293
8726 876
8726 798
8726 601
8726 747
8726 1152
8727 34
8736 838
8740 492
8743 621
8745 474
8745 896
8751 113
8754 202
8755 677
8759 959
8761 1066
8765 1103
8769 242
8769 1103
8769 1175
8769 1188
8770 160
8770 325
8770 210
8770 793
8770 1103
8770 1228
8778 838
8778 1153
8778 112
8778 98
8779 474
8779 85
8779 1175
8779 354
8779 780
8780 474
8784 637
8785 604
8785 828
8786 490
8796 195
8796 193
8797 570
8797 258
8797 432
8797 759
8797 905
8797 907
8797 583
8797 222
8797 490
8806 348
8810 593
8818 492
8818 867
8818 1115
8818 689
8818 1186
8818 218
8818 44
8818 1042
8818 789
8820 1126
8820 151
8827 758
8832 1056
8833 228
8833 591
8840 492
8840 867
8840 113
8840 1024
8840 481
8840 480
8840 202
8840 649
8840 828
8850 996
8851 893
8853 110
8858 32
8862 594
8866 759
8870 907
8870 1024
8875 462
8875 9
8875 751
8875 1175
8875 907
8875 828
8876 1042
8876 995
8878 1042
8883 1097
8887 1142
8889 782
8890 913
8891 1175
8894 474
8898 782
8907 228
8911 547
8911 128
8911 1139
8914 202
8916 269
8923 474
8923 32
8923 1132
8923 527
8923 1229
8924 743
8927 1082
8928 201
8930 481
8942 1143
8946 1016
8946 722
8946 907
8952 785
8952 925
8966 193
8966 480
8966 345
8966 665
8966 1174
8966 386
8966 271
8966 1079
8970 1139
8970 570
8970 534
8970 322
8971 536
8979 1083
8981 785
8985 183
8992 840
9004 53
9007 1180
9007 619
9007 828
9008 1109
9016 751
9021 1175
9024 224
9024 917
9024 188
9024 450
9024 1175
9024 505
9024 196
9024 896
9027 432
9029 1024
9035 492
9035 193
9035 832
9035 188
9035 899
9035 751
9035 414
9035 182
9035 1220
9036 917
9036 893
9036 912
9036 111
9039 534
9040 628
9042 657
9042 570
9042 971
9042 243
9042 1186
9048 1153
9051 216
9054 632
9054 555
9054 1117
9054 534
9054 947
9057 492
9057 1143
9059 826
9062 206
9069 759
9071 490
9071 401
9075 358
9075 737
9075 135
9075 85
9075 759
9075 1117
9075 434
9075 173
9075 826
9075 637
9077 470
9077 249
9077 193
9077 737
9077 907
9077 228
9077 929
9084 492
9086 570
9087 893
9089 676
9093 992
9096 817
9102 737
9102 743
9102 414
9103 249
9104 350
9105 930
9105 522
9105 668
9105 1068
9105 1009
9105 1143
9105 1135
9110 1194
9112 838
9112 930
9112 53
9115 782
9115 113
9115 112
9115 295
9115 414
9115 1188
9115 1088
9115 785
9123 1153
9124 432
9129 1143
9137 637
9140 400
9140 759
9142 888
9150 1095
9153 490
9166 838
9167 1175
9167 331
9170 1174
9172 193
9172 113
9172 949
9172 1056
9172 1186
9172 1098
9172 1119
9174 780
9174 738
9178 442
9178 888
9178 355
9178 828
9184 1139
9185 266
9185 74
9185 588
9185 522
9185 667
9185 169
9185 380
9188 348
9196 187
9196 263
9196 1044
9198 617
9198 263
9209 1098
9219 1168
9219 445
9219 438
9219 432
9221 339
9224 893
9224 782
9224 1180
9224 299
9226 684
9227 1144
9227 185
9227 1175
9229 47
9229 1098
9229 547
9229 258
9229 534
9229 696
9229 527
9229 202
9233 1142
9236 619
9236 570
9236 1186
9236 271
9236 785
9236 649
9239 840
9241 610
9246 188
9261 505
9264 619
9272 150
9276 350
9281 1175
9281 470
9281 793
9285 637
9288 492
9289 737
9289 682
9289 893
9295 855
9295 959
9295 663
9295 549
9295 901
9297 450
9300 737
9312 838
9317 1153
9317 925
9317 540
9317 649
9327 785
9327 886
9327 925
9328 1153
9328 492
9328 152
9328 355
9329 1098
9329 793
9329 864
9331 593
9338 480
9351 414
9366 263
9379 1224
9379 670
9379 617
9379 492
9379 570
9379 226
9379 72
9379 828
9386 925
9386 1035
9388 216
9394 348
9399 992
9399 594
9399 474
9399 896
9409 596
9415 193
9415 971
9415 414
9415 1175
9415 490
9418 188
9418 4
9418 621
9418 927
9419 609
9419 188
9419 897
9419 70
9422 621
9423 779
9430 1100
9434 1119
9435 897
9435 207
9435 793
9435 1042
9435 1154
9436 701
9442 570
9443 785
9444 462
9444 249
9444 1153
9444 338
9444 759
9444 828
9448 593
9461 1105
9464 274
9470 893
9479 738
9479 338
9479 986
9479 274
9481 676
9481 1153
9485 925
9486 19
9488 476
9488 338
9488 1186
9488 986
9488 1114
9488 87
9488 649
9489 1083
9493 593
9493 249
9493 925
9493 971
9493 84
9493 794
9493 414
9493 649
9493 828
9498 1067
9500 492
9511 759
9511 450
9512 1083
9512 110
9512 570
9512 586
9512 1186
9512 1079
9512 1042
9512 400
9512 1100
9513 66
9516 983
9519 828
9523 474
9523 822
9523 258
9526 594
9526 862
9526 632
9526 67
9527 893
9527 959
9527 950
9527 757
9527 649
9532 1186
9532 596
9532 414
9540 838
9540 1153
9541 893
9543 1066
9543 490
9546 1223
9546 35
9546 743
9546 782
9546 410
9546 304
9546 1035
9546 888
9546 933
9548 925
9548 482
9548 496
9548 119
9548 329
9548 857
9548 322
9548 1209
9549 955
9552 1143
9553 474
9556 110
9556 728
9556 450
9556 1045
9557 113
9557 463
9557 1186
9557 676
9557 293
9557 966
9557 1147
9557 1016
9557 1119
9557 231
9559 43
9562 8
9562 332
9562 1153
9562 628
9562 474
9562 358
9562 362
9562 1068
9562 534
9564 1083
9564 78
9564 232
9564 1055
9575 1098
9575 828
9576 838
9576 657
9576 358
9576 43
9577 349
9577 30
9577 632
9577 759
9577 387
9577 312
9577 534
9579 972
9586 154
9586 648
9587 707
9598 827
9600 128
9603 534
9603 805
9610 607
9620 1178
9620 188
9620 1035
9620 1186
9620 1143
9620 534
9620 1100
9625 805
9629 1119
9633 1194
9633 547
9633 85
9633 1040
9633 759
9633 228
9633 1119
9633 1024
9633 828
9637 1116
9641 925
9650 202
9653 492
9654 476
9654 674
9654 354
9654 780
9654 1017
9654 1208
9678 895
9695 886
9700 828
9702 860
9711 838
9711 470
9711 1066
9711 401
9711 474
9711 610
9711 759
9711 414
9711 648
9712 610
9715 113
9721 414
9724 628
9724 1119
9724 925
9725 186
9725 793
9726 993
9726 794
9726 682
9726 557
9732 224
9736 113
9737 490
9738 249
9739 847
9742 462
9744 1109
9745 838
9746 474
9746 547
9746 505
9746 780
9746 82
9751 400
9757 867
9759 1
9759 401
9759 636
9759 793
9759 537
9759 36
9759 272
9760 249
9773 1000
9775 657
9780 1102
9780 670
9780 782
9780 216
9780 450
9780 1035
9780 123
9780 929
9784 110
9789 828
9795 188
9797 1139
9798 1056
9800 113
9800 681
9800 676
9800 857
9803 216
9809 616
9812 492
9813 860
9820 1110
9824 838
9824 1193
9824 224
9824 79
9824 474
9824 621
9824 128
9824 1007
9824 1079
9835 893
9838 862
9839 895
9848 619
9848 1066
9848 188
9848 759
9848 66
9848 1175
9848 637
9848 196
9850 261
9850 805
9850 398
9850 728
9850 919
9850 206
9850 1186
9867 505
9872 35
9872 607
9872 1066
9872 1173
9872 299
9872 827
9875 113
9875 1212
9875 536
9875 632
9875 281
9875 347
9875 648
9875 566
9879 1194
9880 957
9881 372
9884 925
9888 978
9888 133
9888 113
9888 358
9888 557
9888 1003
9894 828
9900 159
9900 1229
9900 895
9900 348
9900 933
9900 639
9900 69
9904 1139
9904 216
9904 480
9904 1035
9904 1214
9904 386
9904 1079
9904 1032
9904 828
9906 285
9913 8
9914 249
9918 731
9921 713
9923 185
9925 968
9926 759
9931 128
9931 879
9945 348
9951 228
9952 1166
9953 759
9953 828
9958 1039
9960 350
9961 946
9961 953
9961 135
9961 358
9961 1175
9961 527
9961 1147
9965 728
9965 621
9968 949
9970 113
9977 743
9977 224
9977 1066
9979 827
9985 462
9990 367
9990 287
9990 393
9990 828
9991 401
9991 828
10000 918
10001 759
10001 737
10001 432
10005 759
10034 600
10064 1229
10064 658
10074 838
10074 1066
10074 403
10074 358
10074 1175
10074 299
10074 907
10086 1155
10086 938
10089 1188
10090 150
10097 188
10101 897
10106 224
10106 395
10106 450
10106 348
10106 1042
10107 254
10112 1175
10112 840
10114 751
10117 406
10117 810
10119 228
10127 295
10129 867
10141 113
10160 1229
10163 60
10163 492
10165 1155
10169 670
10169 1175
10170 670
10170 758
10170 224
10170 492
10170 216
10170 610
10170 1033
10170 1175
10170 1228
10172 113
10172 594
10172 358
10172 299
10173 432
10174 713
10175 579
10182 1042
10184 934
10186 862
10186 1097
10191 417
10194 794
10195 893
10195 867
10195 113
10195 610
10195 312
10195 274
10195 649
10204 743
10204 840
10204 817
10204 1218
10204 67
10208 1175
10216 828
10219 828
10221 1231
10222 474
10224 400
10229 1175
10229 1038
10247 808
10247 759
10250 950
10250 637
10250 3
10254 534
10260 26
10263 1218
10264 463
10265 450
10268 828
10272 414
10275 1153
10288 249
10288 505
10289 19
10304 1117
10307 860
10309 351
10309 275
10309 206
10310 261
10314 867
10314 689
10314 85
10314 1143
10314 534
10314 827
10314 1024
10314 828
10315 506
10315 1194
10315 1000
10315 216
10315 492
10315 1186
10315 775
10315 1003
10315 828
10320 922
10320 407
10320 707
10320 249
10320 193
10320 971
10320 1186
10320 545
10320 1175
10322 414
10322 490
10325 1104
10325 480
10325 97
10326 466
10327 224
10330 471
10330 925
10330 338
10330 649
10336 69
10342 54
10342 492
10351 980
10358 722
10358 257
10358 768
10361 1083
10363 350
10368 128
10368 1139
10372 111
10379 1066
10384 513
10385 1229
10387 1153
10390 1229
10395 188
10397 545
10398 32
10399 261
10399 543
10399 204
10399 958
10399 950
10399 306
10404 1153
10407 632
10409 249
10409 632
10414 1062
10416 1218
10416 1053
10419 32
10423 688
10429 828
10435 414
10440 414
10440 1143
10442 552
10448 180
10453 1139
10465 552
10470 338
10476 147
10476 934
10479 456
10480 128
10480 258
10486 492
10486 193
10486 113
10486 395
10486 1129
10486 1071
10486 1042
10486 649
10487 113
10500 228
10520 893
10520 832
10520 632
10520 208
10520 534
10520 154
10520 1119
10521 1206
10525 1153
10527 593
10528 35
10528 249
10528 828
10551 785
10559 1233
10559 893
10578 32
10585 206
10593 210
10594 570
10594 959
10594 1174
10594 759
10594 271
10594 1047
10596 480
10596 193
10608 1153
10611 918
10611 1186
10611 759
10611 713
10611 434
10611 1098
10611 1047
10632 249
10634 124
10642 1174
10651 450
10658 1055
10663 8
10663 1066
10663 474
10663 659
10663 995
10663 1213
10663 207
10663 414
10663 896
10669 961
10673 1153
10673 1083
10673 570
10673 1103
10673 128
10673 649
10675 677
10677 624
10677 101
10677 79
10684 777
10689 474
10689 610
10690 1047
10692 492
10692 801
10692 1029
10692 759
10692 414
10692 348
10692 104
10694 1212
10695 838
10696 94
10696 1175
10696 258
10698 144
10698 805
10698 146
10698 42
10698 630
10698 188
10698 414
10698 966
10698 649
10701 1162
10701 782
10703 224
10703 338
10703 794
10703 899
10703 1186
10703 751
10703 1215
10703 828
10712 893
10712 193
10712 570
10712 1230
10712 450
10712 1185
10712 1042
10716 737
10722 758
10723 492
10723 96
10723 1035
10723 311
10723 731
10723 986
10723 1114
10723 591
10729 925
10729 737
10729 959
10729 152
10729 828
10735 110
10735 64
10735 759
10735 202
10736 893
10736 84
10736 1213
10736 450
10736 1013
10736 907
10738 785
10742 462
10742 1008
10744 1153
10744 884
10744 97
10748 249
10765 658
10773 350
10773 82
10773 249
10776 102
10779 1102
10789 474
10792 322
10792 224
10799 110
10799 824
10799 729
10799 899
10799 1041
10799 797
10799 400
10799 1119
10800 348
10805 249
10806 617
10806 42
10806 1186
10806 156
10806 218
10806 271
10806 1033
10806 942
10809 832
10809 490
10810 759
10812 621
10817 728
10820 648
10821 547
10821 817
10821 1175
10821 1143
10821 1076
10824 416
10825 281
10826 492
10827 1043
10833 1079
10834 400
10834 492
10838 598
10838 206
10838 188
10838 826
10838 785
10838 896
10843 1066
10848 628
10848 432
10859 462
10859 758
10859 1066
10859 1203
10859 228
10859 318
10859 1042
10878 1117
10878 785
10878 392
10878 322
10879 955
10884 961
10884 1066
10884 163
10884 522
10884 281
10884 534
10884 1143
10884 1115
10887 216
10887 522
10887 932
10887 1142
10892 587
10894 492
10894 986
10905 233
10913 462
10913 893
10913 840
10913 613
10913 474
10913 85
10913 362
10913 541
10913 907
10915 492
10915 832
10915 907
10915 785
10915 828
10921 400
10926 1003
10929 1056
10930 729
10942 1175
10944 655
10944 1194
10944 947
10944 490
10947 831
10947 1153
10947 284
10948 621
10948 1098
10955 893
10955 216
10955 665
10955 1186
10955 451
10955 191
10959 414
10960 759
10962 1055
10974 795
10974 1169
10977 619
10977 632
10979 828
10981 438
10982 838
10984 534
10985 261
10985 812
10985 801
10985 492
10985 539
10985 793
10985 759
10985 907
10987 828
10989 534
10996 113
10996 676
10996 774
10998 450
11010 670
11010 1035
11011 833
11014 1066
11016 414
11016 271
11016 387
11016 789
11017 474
11018 1143
