0 0,1,2,3,4,5,6,7,8,9,10,11,12,13,14,15,16,17,18
1 19,20,21,22,23,24,25,26,27,28,29,30,31,32,33,34,35,36,37
2 38,39,40,41,42,43,44,45,46,47,48,49
3 50,51,52,53,54,55,56,57
4 58,59,60,61,62,63,64,65,66,67,68,69,70,71,72,73,74,75,76,77,78,79,80,81,82,83,84,85,86,87,88,89,90,91,92,93,94
5 95,96,97,98,99,100,101,102,103,104,105,106,107,108,109,110,111,112,113,114,115,116,117,118,119,120,121,122
6 123,124,125,126,127,128,129,130,131,132,133,134,135,136,137,138,139,140,141,142,143,144
7 145,58,146,147,148,149,150
8 151,152,153,154,155,156,157,158,159,160,161,162,163,164,165,166,167,168,169,170
9 132,171,172,65,173,174,175,176,177,178,179,180,181,182,183,184,185,186,187,188,189,190,191,192,193,194,195,196,197,198,199,200,201,202,203,204,205,206,207,208,209,210,211,212,213
10 214,215,216,217,218,219,220,221,222,223,224,225,226,227,228,229,132,230,231,232,233,234,235,236,237,238,239,240,241,242,243,244,245,246,247,248,249,250,251
11 252,212,129,253,132,254,255,256,257,258,259,260,261,262,263,264,265,266,267,268,269,270,271,272,273,274,275,276,277,278,279,280,136,281,282,283,284,285,208,286,287,288,289
12 290,291,292,293,294,295,296,297,298,299,300,301,302,303,304,305,306,307,308,309,310,311,312,313,314,315,316,317,318,319,320,321,322,323,324,325,326,327,328,329
13 330,331,332,333,334,335,58,336,337,338,339,340,341,342,343,344,345,346,347,348,349,350,351
14 132,352,353,354,355,356,357,358,359,360,361
15 58,362,363,364,365,366,367,368,369,370,371,372,373,374,375,376,377,378,379,380,381,382,383,384,385,69,386,387,388,389,390,391,392,393,394,395,396,397,398,399,400,401,402,89,403,404,405,406
16 229,407,132,408,409,410,411,412,413,414,415,416,209,417,418,419
17 132,420,421,422,423,424,425,426,427,428,429,430,431,432,433,434
18 435,436,437,438,439,440,441,442,443,444,445,446,447,448,449,450,451,452,453,454,455,456,457,458,459,460,461
19 462,463,464,465,466,467,468,469,470,471,472,473,474,475,476,477,478,479,480,481,482,483,484,485,486,487,488,489
20 467,490,491,492,493,494,495,496,497,498,499,500,501,502
21 490,491,503,504,500,505
22 506,125,132,507,133,508,509,510,511,512,513
23 514,515,516,517,518,519,520,521,522,523,524,525,526,527,528,529,530,531,532,533,534,535,536,537,538,539
24 436,540,541,542,543,544,545,546,547,548,549,550,551,552,553,554,555,556,557,558,559
25 560,561,562,563,564,565
26 566,567,132,568,569,570,571,572,573,574,575,576
27 577,578,579,580,277,581,582,583,584,585,586,587,588,589,590,591,592,593
28 594,595,596,597,598,599,600,601,602,603,604,605,606,607,294,608,609,610,611
29 594,612,613,614,615,616,617,618,619,620,621
30 594,622,623,624,625,626,627,628,629,630,631,632,633,634,635,636,637,638,639,640,641,642,643,644
31 645,646,647,648,649,650,651,652,653,654
32 655,135,656,657,658,659,660,661
33 662,663,664,665,666,667,668,669,670,671,672,673
34 674,675,676,677,81,678,679,680,681,682,683
35 276,684,685,686,687,688,689,690,691,692
36 693,694
37 695,696,697,698,699,700,701,702,703,704,705,706,707,708,709,710,711,712,713,714,715,716,717
38 718,719,436,720,721,722,723,724,725,726
39 727,728,729,730,669,425,731,732,733,734,735,240,736,737,738,739,740
40 741,742,743,744,745,746,747,748,749,750,751,752,753
41 742,754,755,756,757,758,759,760,761,762
42 763,764,765,425,766,767,768,769,770,771,772,773,774,775,776,777,778,779
43 780,781,782,783,784
44 416,785,786,787,425,132,788,789,790,791,792,82,793,794,795,796,797,798,799,800,801,802,803,804
45 805,806,807
46 763,191,425,808,809,810,811,812,813,814,815,816,817,818,819
47 820,821,822,823,824,825,826,827,828
48 829,830,425,831,832,833,834,835,836
49 837,838,839
50 840,669,841,842,843,844,845,846,847,848,849,850,851
51 852,853,854,855,856,857,858,859,860,861,862,863,864,865,866,867,868,869,870,871,872,873,874,875,876,877,878,879,880,881,882,883,884,885,886,887,888,889,890,891,892,893,894,895
52 896,897,898,899,900,901,902,903,904,905,906,907,908,909,910,911,912,913,914,915,916,917,918,919,920,921,922,923,512,924,925,926,927,928,929,930,931,932,933,934
53 786,935,425,936,937,938,939,940,941,942,943,944,945,946,947,948,949
54 950,951,952,953,954,955,956,957,958,959,960,961,962,963,964
55 965,966,967,84
56 968,969,970,971,972,973,974,975,976,977,978,979,980,981,982,983
57 425,984,985,986,987,988,989,990,991,992,993,994,995,996,997
58 954,836,998,999,425,1000,1001,1002,1003,1004,1005,1006
59 1007,669,848,1008,1009,1010,1011,1012,1013,1014,1015,1016,1017,1018,1019,1020
60 1021,768,1022,1023,1024,1025,1026,1027,1028,1029,1030,1031
61 1032,1033,1034,1035,1036,953,1037,1038,1039
62 786,425,1040,1041,1042,1043,1044,1045,1046,72,1047,1048,1049,1050,1051
63 1052,1053,1054,1055,1056,1057,1058,1059,1060,1061,1062,1063,1064,1065,1066,1067,1068,1069,1070,1071,1072
64 1073,1074,1075,951,1076,1077,1078,1079,1080,1081,1082,1083,1084,1085,1086,1087,1088,1089,1090,1091
65 768,1092,1093,1094,1095,1096,1097,1098,1099
66 425,1100,1101,953,1102,954,1103,1104,1105,1106,1107,1108,1109,464,1110,1111,1112
67 572,1113,1114,1115
68 989,1116,1117
69 1118,1119,1120,1121,1122,1123,1124,1125,1126,1127,1128,1129
70 1130,1131,1132,1133,1134,1135,682,1136,1137,1138,1139,1140,1141,1142,1143,1144,1145,1146,1147,1148
71 1149,1150,1151,1152,1153,1154,781,1155,1156,1157,1158,1159,1160
72 1161,953,1162,1163,1164,1165,1166,1167,1168,1169,1170,425,60,1171,1172,1173
73 1174,1175,1176,1177,1178,989,1179,1180,1181,1182,1183,1184,1185,1186,1187,1188,1189,1190,1191
74 1192,1193,1194,1195,1196,1197,1198,1199,1200,1201,1202,1203,1204,1205,1206,1207,1208,1209,1210,960,1211,1212
75 1213,1214,954,1215,1216,1217,989,1218,1219,1220,1221,1222,1223,1224,1225,1226,1227,1228,1229,1230,1231
76 425,1232,1233,1234,1235,1236,1237,1238,1239,1240,1241,1242,1243,1244,1245,1246,1247,1248,1249
77 953,1250,1251,1252
78 1253,953,1254,1255,954,1183,1256,425,1257,1258,1259,1260,1261,1262,1263,1264,1265,1266,1267,1268
79 515,1269,240,1270,954,1271,1272,1273,1181,1274,1275,1276,1277,1278,1279,1280,1281,1282,1283,1284
80 809,954,1285,1286,1287,1288,1289,1290,1291,1292,1293,1294,1295,962,1296,1297
81 1298,1299,515,1300,1301,1302,1303,1304,1305,1306,1070
82 953,1307,1308,1309,1310,1311,1312,1262,1313,1199,1314,1315,1316,1212,1317,1318,1319,1320,1321
83 1322,1323,1324,1325,1326,1327,1328,1329,1330,1331,1332,1333,1334
84 1335,515,954,1336,1274,1337,1338,1339
85 1340,425,1341,1342,1343,1344,1345,1346,1347,1348,175,1349,1350,1351,1352,1353
86 953,954,1354,1355,1227,1356,1176,963
87 1357,1323,1333,1358,1359,1326,1327,1360,1361,1328,1329,1330,1362,1332,1334
88 1363,1364,1365,1366,1367,1368,1369,1358,1370,1371,1372,982,1373,1374,1375,1376,1377,1378,1379
89 1380,953,1381,1382,1383,954,1384,1285,1385,1386,1387,1388,1244,1389,1390
90 1175,810,425,1391,1392,1393,1394,1395,1396,1397,1398
91 1399,954,1400,1401,1402,1403,1404,1405,1406,1407,1408,1409
92 1357,1410,1411,1412,1413,1414,1415,989,1416,1417,1418,1419,1328,1329,1330,1420,1362,1323,1332,1123,1333,1334,1421,1422
93 1423,1362,1424,1329,1330,1323,1333,1425,1334
94 1423,1362,1426,1427,1424,1328,1329,1330,1428,1323,1333,1334,1429
95 1430,1431,1432,1433,1434,1435,1436,1437,1438
96 1439,425,1440,1441,667,1442,1348,1443,1444,1445,1446,693,1447,1448,1449,1450,1451,1452
97 1453,1454,1455,1456,1457,1048,1458,1459,1460,1461,1462,1463,1464,1465,1466,1467,1468
98 1323,1469,1470,1471,1472,1473,1300,1474,1475,1424,1328,1329,1330,1362,1332,1333,1334,1422,1476
99 1323,1477,1300,1478,1479,1480,1481,1482,1424,1328,1329,1330,1362,1332,1333,1334,1483,1422,1484
100 1362,1485,1323,1486,1487,1488,1328,1330,1332,1333,1489,1334,1422,1490,1469
101 1362,1323,1491,1492,1493,1494,1495,1496,1300,1497,1498,1499,1328,1500,1332,1333,1501,1334,1483,1502,1503,1422
102 1504,1505,1506,1507,1508,989,1509,1510,1511,1512,1513,1514,1515,1516,1517,1518,1519,1520,1521
103 1522,1523,1509,1524,1525,1526,1527,1528,1529,1530,1531,1328,1329,1330,1362,1532,1323,1332,1333,1334,1422,1533,1469
104 1522,1523,1534,1535,1536,1537,1515,1538,1328,1329,1330,1362,1323,1332,1333,1334,1422,1469
105 1504,1505,1506,1507,1539,1540,989,1541,1419,1542,1543,1544,1545,1546,1420,1307,1547,1548
106 1422,1508,1549,1514,1328,1329,1550,1330,1362,1323,1551,1552,1553,1332,1333,1334
107 1333,1554,1555,1556,1557,989,1558,1559,1560,1561,1460,1562,1328,1330,1362,1323,1332,1515,1334,1422,1469,1563,1564
108 1565,1566,1567,1568,1569,1570,1328,1330,1362,1323,1332,1333,1334,1422,1469,1476,1564,1571
109 1572,425,1343,1003,1573,1574,1575,1576,1577,1578,1579,1580,1581,1582
110 678,1583,1584,956,1585,1586,1587
111 954,1588,989,1175,1278,1589,1590,1591,1592,1593,1594
112 1595,954,1596,1597,1285,1598,1599,809,1170,1600,1601,1602,1603,1604,1605,1295,962,1606,1607,1608
113 1609,1610,954,1611,1612,1613,1614,1615,1616,1617,1618,1619,1620,1621,1622,1228,1623,1624,1625
114 1626,240,1627,1628,954,1629,1630,1181,1631,1632,1633,1634,1635,1636
115 425,1637,1638,1639,1640,1641,1642,1175,989,1643,1644,1645,1646,1233,1647,1648,1649,1650,1248,1651
116 1652,1653,954,1654,809,1655,1656,962
117 1657,1658
118 425,1639,1175,989,1659,1660,1661,1662,1123
119 954,1663,1664
120 1665,1666,1667,1668,1669,1670,1671,1672,1673,1674,1675,1676,1677,1678,1679,1680,1681,1682,1683,1684,1685,1686,1687
121 1688,1689,1690,1300,1691,1692,1693,1694,1695,1696,1697,1698,1699,1700,1637,1701,1702,1703
122 1704,1175,989,1705,1706,1707,1708,1709
123 1382,1710,1711,1712,1713,1714,954,1715,1716,1717,1718,1719,1720,1721
124 954,1704,1722,1723,809,956,1724,1725,1726
125 954,1727,1728,1729,1730,1731,1732,1733,1734
126 1663,954,989,1735,1736,1737,1738
127 425,954,989,1739,1740,1741,60,1447,1742,960,1743,1744
128 1745,1746,1583,1747,1748,1181,1749,1750,1751,1752,1753,1754,1755,1756,1757,1758,1759,1760
129 1761,1762,1763,1764,1765,1766,1767,1768,1769,1770,1771,1168,1772,1773,1774,1775,1776,1777,1778,1779
130 1175,1780,1181,1781,1782,989,1183,1783,1724,1784,1785,1117,1786,1787
131 954,1788,568,1451,1789,989,1790,1791,1792,1793,1794,1795
132 1796,1797,1798,1799,1175,1800,1801,1802,1803,1804,1805,1806,1807,1808,1809
133 1810,954,1609,1811,1812,1813
134 1814,240,1815,1816,1817,1818,233,1819
135 1199,1820,1821,1822,506,1823,1824,1319,1825,1826,1827,1828,1829,1830,1831,1832,1833,1834,1598,1835
136 1836,1837,1838,1839,1840,1841,1842,1175,1843,1685,1844,1348,1845,1846,1847,1848,1849
137 1175,989,1850,1851,1724,1852,1189,1853
138 1854,954,1855,233,1856,1857
139 954,1285,1858,1859,1287,1860,1861,1293,1862,1295,1863
140 1864,1865,1866,1867,1868,1869,1870,1131,1871,1666,1872,1873,1874,1875,1876,1877,1878,1879
141 1880,1881,1882,1883,1884
142 781,1885,1886,1665,1887,1888,1889,1890,1891,1892,1893,1894,1895,1896,1897
143 954,1704,1898,1899,1900,989,1901,1168,1740,1902,1903,1904,1905,1906,1605,1519
144 1907,954,1175,989,1908,1909,1910,1911,1912
145 954,1913,1914,1915
146 954,1916,1917,809,694,1918,1919,1920,1921,1922,1923,1924,1925,1926,1927,1928
147 1731,1929,1930
148 1931,1175,1181,1932,989,1933,1934,1935,1936,1184,1937,1938,1606
149 954,1704,1939,1940,1941,809,1942,1943,956,1944,1724,1945,1946
150 1947,1067
151 1294,954,1648,1948,809,1949,694,1950,1951,1952,1953,1954,1955,1956,1957,1650
152 1333,1334,1332,1958,1422,1469
153 1959,752,1522,1960,1961,1962,1963,1964,1965,1966,1523,1967,1968,1517,1969,1970,1971,1972,1973,1974,641,1975,1976
154 954,989,1977
155 1978,1979,954,1980,1175,989,1605,1981,1643,1982,1983,1984,1985,1986
156 1987,1988,1989,1990,1983,1991,1992
157 954,989,1790,1993,1791,1994,1995,1996,1997,1998,1794
158 1999,2000,2001,2002,2003,2004
159 2005,2006,2007,2008,2009,2010,2011,2012,2013,2014,2015,1301,2016,2017,2018,2019,2020,2021
160 2022,2023,2024,2025,2026,2027,2028,2029,2030,2031,2032,2033,2034,754,2035,2036,2037,2038,2039,2040,2041
161 954,1260,956,1915,2042,2043,2044
162 2045,175,1945,1950
163 954,1583,2046,2047,2048,2049,809,2050,2051,1943,1921,956,2052,2053,2054,2055
164 954,989,2056,1175,2057,363,2058,2059
165 954,2060,2061,2062,2063,2064,2065,2066,2067,2068,2069,2070,2071,2072,2073,2074,1227,2075
166 954,809,956,2076,2077,1724,2078,2079,2080,2081,2082
167 806,2083
168 954,1337,809,2084,2085,1724,2086,2087
169 954,2088,2089,2090,809,2091,1740,1915,1388,2092,2093,1624,958
170 2094,2095,2096,1637,2097,2098,2099,2100,2101,2102,2103,2104,1697,2105,2106,2107,2108,2109,2110
171 2111,2112,2113,2114,2115
172 954,809,2116,1191,2117
173 954,989,2118,425,2119,2120
174 2121,1300,754,2122,2123,2124
175 954,2125,1654,809,2126,2127
176 1300,2128,2129,2130,2131,1696,2132,2133,2134,2135
177 954,2136,1175,989,2137,2138,2139
178 954,2140
179 954,2141,2142
180 954,2143,809,1928,1921,956,2144,2145,1917,2146,2147
181 954,2148,1285,2149,1598,956,2150,1291,1292,2151,1860,2152
182 954,2153,2154,2155,2156
183 954,2157,2158,989,2159,2160,2161,2162,1624,2163,2164,2165,2166,2167,2168,2169,2170,2171,2053,2172,2173,2174,2175
184 2176,2177,2178,2179,2180,2181,2182,2183,2184,2185,2186,2187,2188
185 2189,2190,2191
186 954,2192,1260,2193,2194,2195,1789,2196,175,2197,2198,2199,1407,1409,2200,2201,2202,2203
187 954,2204,2205,2206,2207,2208,1181,2209,2210
188 2211,1300,2212,2213,2214,2215,2216,2217,2218,2219,2220,1637,1701,1702,1703,2221,2222,2223,2224
189 1300,1696,1698,2225,1700,1637,1701,1702,2226,1703,2221,2222,2223
190 2227,2228,2229,2230,2231,2232,2233,2234,2235,2236,989,1775,2237,2238,2239,2240,2241,2242
191 954,2243,2244,2245,2246,2247,2248
192 2249,2250,2251,2252,2253,2254,1808,1936,2255,2256,2257,2258,2259,2260,2261,2262
193 768,2263,2264
194 954,989,425,2265,2266
195 2005,1300,1239,2267,1692,2268,2269,2270,2271,2272,2273,2102,1698,2274,2275,1700,1637,1701,1702,1703,2223,2224,2276
196 2005,1300,2277,2278,2279,2217,1696,2280,2281,1464,2282,2283,1637,1701,1702,1703,2223,2224
197 2005,1300,2212,2213,2214,2215,2284,2285,2216,2217,2269,2281,2219,2286,2287,1637,1702,1703,2223,2224,2276,2288,2289
198 754,2290,989,2291,2292,2293,1671,2294,515,1300,2295,2296,2297,2298,2299,2300,2301,2302
199 954,2205,2303,2304,2305,2306,2307,2308,2309,1345,989,2310,2311,2312
200 954,989,1175,2313,2314,2315,2316,2317,1724,2318,2319,2320
201 954,989,2321,2056,1175,2322,2323
202 954,989,1175,2324,2325
203 2205,954,2326,1175,1191
204 2327,2328,2329,2330,2331,2332
205 954,1181,1175,989,1637,2333,2334,2335,2336
206 2083,2337,1884,2338,2339,2340,2341,1852
207 954,2342,1238,1239,2343,2344,2345,2346,2347
208 954,2348,989,1175,2349,2350,1740,2351,2352,1724,2353,2354
209 954,809,189,694,2355,2356,2357,2358,2359,2360,2361,2362,1757,1917,2363,1170,2364,2365,2366,2367
210 2368,2369,2370,2371,2372,2373,2374,2375,2376,2377,2378,1476,1563,2379,1522,2380,2381,2382
211 2383,954,1940,809,956,1724,2384,2385
212 954,1583,2386,809,2387,1943,2388,956,2385,1724,1758,2389,2384,2390
213 954,233,2391,2392,1434,2393,425,2394,2395,2396,2397
214 954,2398,989,1175,2399,2400
215 2401,2402
216 1181,954,2403,989,2404,1175,1095,2405,2406,1740,2407,2408,2409,2410,2411
217 954,2412,2413,809,956,2414,1724,2415,2416,2417
218 1181,954,1915,2418,2419,2420
219 954,2205,2421,2422,1175,989,2423,2264,2424,2425,1591,2426,1593,2427,2428
220 1294,2429,2430,2431
221 2432,1564,1571,2433,716,2434
222 954,2403,2435
223 954,809,2436,2437,2438,2439,2440,2441,2442,2443
224 1294,954,2444,2445,1941,809,2446,1942,2447,2448,2449,2450,2147,2451
225 1566,2452,2453,1564,2176,1571,1544,2454
226 954,989,2455,1175,2456,2457,2458,2459,2460,2461,2462,2463,2464,2465
227 1564,1508,2466,1509,2467,1571,2468,2433,2469
228 954,2470,809,2386,1943,956,1724
229 954,2471,2472,2473,1956,989,425,1751,2474,2475,2476,2477,2478,2479
230 754,2480,2294,1300,2481,2128,2482,2483,2129,2484,2485,2486,2363,2487,2488,2133,2489,2490,2491
231 954,2250,1637,1175,989,2492,2493,2494,2495,2496,2497
232 954,989,1175,2349,2498,2499,2500,2501,1724,1784,997,2502,2503
233 2504,989,2505,2506,2507,2508,2509,2510,2511,2512,2513,2514,2515,2516,2517,2518,2519,2520
234 1509,1523,1529,2521,1571,2522,1976,2523,2524,2525,2469,2526,2527
235 954,2471,2445,989,425,2528,2529
236 954,809,2530,2531
237 954,2471,1260,2473,2532,989,425,2533,2534,2479,2535,2536,2537,2538,2539,2540,2541,1266
238 2403,954,989,1175,2542,2543,1183,2544,2545,1724,2546,2547,2548,2549
239 954,2550,2310,2551,2552,2553,2554,2555,2556,2557,2558,2559,2560,2561
240 954,1599,1914,956,1915,2562
241 2563,2564,2565
242 954,989,1175,2316,2566
243 954,2567,2403,1175,2568,2569,2570,2571
244 954,809,2572,2573,2574,2575,2576,2577,2578,1395,2579,425,2580,2581,2582,1280,2583,2584,2585,1227
245 954,2403,989,1175,2586,445,2587,2588,2057,2589,527,2590,2591,2592,2593
246 954,2594,2560,2595,2596,2597,2553,2598,2599,2554,2600,1294,2601,2602,2603
247 954,2471,2604,989,175,425,2605,1009,2606,2607,1953,2608,2609
248 954,809,2610,2611,2612,357,1355,2613,2614,2615,1567,2616,963
249 954,809,2436,2438,2617,2117
250 954,2403,2618,2619,2620,2621,2622,2623,2624,2625,2626,2627,2628
251 954,1175,989
252 954,2629,809,2630,2631,1288,1287,2632,1292,1289,2633,2150,2634,2635,1296,1859,958,2636,2637,2638,1608,2639
253 954,2056,1175,956,2322
254 954,2629,809,956,2640,1724,2641
255 954,989,2629,1401,2642,2643
256 781,2644,1300,2267,2645,2101,2646,1637,2647,1702,2648,2649,2650,2651,1863,2652,2653
257 2654,2373,2655,2375,2656,2657,2658,2659,2376,2660,2661,2662,2663,1563,2664,2665,2666,2667
258 2668,2669,2670,2671,2672,2673,2674,2675,1300,2676,2677,2678,2679,2680
259 1670,2176,2681
260 2629,809,956,1512,2682
261 2683,754,2684,1300,2685
262 2629,1175,2686
263 2629,809,2687,1724,2688,2689,2690
264 2691,2403,2692,2310,2693,2694,956,2695,2696,2697,2698,2699,2700,2701
265 2702,1175,2471,2703,464,2704,1450,2705,2706,1937,2707,2708,2709,2710,2711,2548,2712,2713,2714,2715
266 2629,2716,1191,2717
267 2629,2473,989,1790,2718,2266,1793,2719,2720,1794
268 1175,2471,2403,2499,2721,2722,2423,2723,2724,2407,1724,1784,2725,1700
269 2726,754,2727,1300,2728,2685,2729,2730,2731,2403,1509,2732,2733
270 2629,2734,2735,2736,2737,2738
271 2739,2740,2741,1460,2742,2743,2744,2745,2659,2746,2747,2748,2749,2750
272 2751,2752,2753,2754,2755,2756,2757,2758,2759,2760,2761
273 2629,2762,1585,2147
274 2629,2387,1943,2763,1921,956,2764,1724,2765,1262,2766
275 2767,2768,2769,2770,2771,2772,2773,2774,2775,2776,2467,2777,2778,2185,2779
276 2629,956,1244
277 2629,2393,2147,1623
278 2629,2780,2781,2782,2783,2784,2785,2786
279 2629,2250,2551,1740,2787,2788,2789,2790,2554,2791,2792
280 754,1547,1493,2793,1496,1300,2794,1499,2795,2796,2797,2798,2799,2800,1369,2801,2802,2803,2804,2805,2806,2807
281 2808,2809
282 2629,1812
283 2629,2810,2811,2812,2813,2814,2815,2816,2817,2818,2819,2820,2821,2822,2823,2824,2825
284 2629,989,2826,2827,2828,2424,2829,2427
285 2629,1300,2830,2685,2831,2481,2832,2833,2834,2835,2836,2837,2838,2839,2840,2487,1173
286 2629,989,2841,2248,2842,2843,2844,1850,2845,1123,2846,2847
287 2629,694,2848,1619,2849,2850
288 2629,2851,956,2560,2248,2435,2694,2852,2853,2854,1740,2855,2856,2857
289 2629,956,2858,2859,2860,2861,2862,2863,2864,2865,2866,2867,2868,2869,1910
290 2310,2629,2870,956,2696,2871,2872,2873,2874,2618,2875,2303,2876
291 2629,2877,1592,2878
292 2879,989,2880,2881,1062,2882,2883,2884,2885,2886,2887,1842,2888,2889,2890,2891,2892,2893,2894,2895,2896,2897,2898
293 2629,1928,2899,2900,2901,2902,2187
294 2250,2903,2002,768,2904
295 2629,1239,2905,2343,2906,2907
296 2629,2908,425,2394,2341,2909,2910,2911,2912
297 2629,829,2913,2914,2915,2823,2916,1983,2917,2918,2919,2352,2792,2920,2921
298 2629,2922,2923
299 2629,1294,2924,2925,2926,2927,2928,2929,2930
300 2629,1029,2931,2932,2933,2934
301 2641,2935,989,2936,2250,2937,2938,2939,2940,2941,2942,2943,2944,2945
302 2629,2946
303 2629,2947,2948,1744,2949,2950,1985,2951,2952
304 2310,2629,956,2700,2953,2601,2435,2954,2955
305 2956,2957,2958,481,2959,2960,2961,2835,149,2962,2963,2964,2965,2966,2967,2968,2487,2969,2970,2971,2972
306 2629,2973,2974,2975,2976,2977
307 2629,2978,2979,2980,2981,2719
308 2629,2982,2983,2984,1791,2985,1790
309 2629,2986,2987,956,1915,2988
310 2989,2990,2771,2991,2992,2966,2993,2967,2933,2994,2995
311 2996,2685,2403,2214,2997,2743,2998,2999,3000,3001,3002,3003,3004,3005
312 3006,3007,3008,2310,3009,151
313 2629,3010,3011,3012,2458,3013,3014,3015,3016,3017,3018
314 2629,3019,3020,956,3021,3022
315 2629,3023,2044,3024,956,1915,1292,1289,3025,3026,1608,3027
316 2629,3028,3029,956,1724,3030,3031,3032,3033,943,175,3034
317 2629,956,3035,3036,2464,3037,1840,3038,3039,2324,3040,3041,3042
318 2629,3043,956,3044,3045,3046,3047,3037,1706,3048,3049,3050,3051
319 3052,3053,3054,3055,3056,2468,3057,3058,3059,3060
320 2836,1300,3061,3062,2488,3063,3064,3065,2685,3066,3067,3068,3069,3070,248
321 2629,3071,248
322 3072,3073,2744,1549,3052,3053,2441,1568,3074,3075,3056,3067,3076,2666,3058,3077,3059,3078,3060,3079,3080
323 2629,956,2947,3081,3082,3083,2952,3084,3085,1744,2545,3086
324 2629,3087,3088,3089,3090,3091,3092,1645,3093,3094,3095,3096,3097,3098,3099,3100,3101
325 3072,3052,3053,3102,3103,2453,2189,3104,3105,2744,3058,3059,3054,3060
326 3106,1300,3107,3108,3109,3110,3111,3112,3113,3114,3115,3116,3117,3118,3119,3120,3121,3122,3123,3124
327 2629,829,3125,3126,3127,3128,3129,3130,2569,3131,3132,3133,2921
328 3134,3135,3136,2981,3137,357,3138,3139,3140,1301,956,3141,3142,3143,3144,3145
329 3146,3147,3148,3149,3150,3151,2560,3152,2561
330 1301,1300,2480,3153,2214,3154,3155,3156,3157,3158,2998,3159,3160,3161,3162,3163,3164,3165,3166,3167,3168,3169
331 3146,1982,3170,3171,1908,3172
332 3173,1840,3174,1938,2317,3175,3176,3177,3178
333 3146,956,1294,3179,3180,2619,2620,3181,2621,3182,3183,3184
334 3146,3185,3186,3187,3188,1593,2427,3189
335 3146,1239,3190,3191,3192,3193,956,3194,2347,3195
336 3146,3196,943,1593,2428
337 2451,3146,3131,3197,3198,3199,956,1585,3200,2689,3201
338 3202,3203,3129,572,3204,3205,1301,3206,3207,3208,3209,3210,3211,3212,3213,3214
339 3215,3146,3216,3217,2860,3218,3219,3220,3221,3222,3223,3224,3225,3226
340 3227,3228,2934,3229,3230
341 3146,3231,2534
342 1301,3232,3233,3234,3235,3236,3237,3238,3239
343 3240,1300,2214,3108,3241,3242,1515,3243,425,3244,3245,3246,1637,1701,1702,1703,2223,2224,2276,2288,2289,2647,3247,3248
344 3240,1300,3249,2214,3250,50,3251,3252,3253,3254,17,646,1637,1701,1702,1703,2223,2224,2276,2288,2289,2647,3247,3248
345 3146,3255,1400,3256,3257,1262,1994,3258,1294,3259,3260,2719,3261,2539,3262,1266,3263,3264,2894,3265
346 1300,3266,3267,3268,3269,3270
347 3146,3140,392,956,3271,1650,3272
348 3146,829,3273,2787,3274,3275,3276,2791,3277,3278
349 3279,3280,3281,2991,3282,1221,3283
350 3146,3284,3140,1407,2719,3285,3286
351 3146,2340,2341,3287,2451
352 3146,3288,3289,964
353 154,3290,2543,1345,1740,3291,592,3292,1131,3293,3294,3295,3296
354 1840,3011,3297,3298,3299,3300,3301
355 3302,3303,3304,3305,3306,3307,2740,3308,1460,716,3309,3310,2747,3311,3312,3313
356 3146,1191,3314,2698,3315,3316,3317,3318,3319,3320,3321,3322,3323,2496,3324
357 3146,2348,3325,1243,3326
358 1554,3327,3328,1476,3329,3330,3331,3332,3333,1328,1330,1362,3307,3105,3076,2381
359 3146,3334,3335,3336,2463,1850,3337,1724,3338,3339
360 3146,3340,3341,351,84,3342,3343
361 3146,3344,2782,355,1581,2825,3345,3346,3347,601,3348
362 1300,2294,2214,3349,2832,3350,3351,3352,3353,3354,3355,3356,3357,3358,3068,2838,3168,3359,3360,3361,3362,3363
363 3146,3364,3365,3366,3367,3368,3369,3370,3371,3372,3373,3374,3375,3376,3377,2358,3378,3379,3380
364 3381,3382,3383,3384,3385,3240,3074,3386,3387,3388,3389,1514,3076,3390,3391,3392,1460,3393,3394
365 3395,2860,3396,3397,3398,3399,3400,1931,3401,3402,3403,3404,2457,3405,3406
366 3146,3407,3408,3409,3410,3411
367 3146,3412,1953,3413,1585
368 3414,3415,3416,1300,3417,3418,3419,3420,1860,3421,3422,3423,3424,3425
369 954,1239,2905,1988,3190,2347,3426,3194,3427,3428,1992,3429
370 1301,3430,1692,3431,467,490,1300,3424,3432,3163,3168,3433,1173,3434,3435,2108,3436,2110,3437,3438
371 3439,3440,3441,3442,1571,3443,3444,3445,3446,3059,1469,3357,2184,1677
372 1932,2316,2139,1724,2714,3447
373 3146,954,3448,3449,3450,3451,3452,3453,3454,3455,3456,3457,3458,3459,3460,3461,1227
374 1637,3432,1301,1300,3462,3463,3464,3465,2649,2226,3466,3168
375 954,2244,2716,2245,3467,956,3468
376 2403,3469,3470,3471,1658,3472,2431,3473
377 2403,954,3474,955,1002,3475,3476,1634,1301,3477,425,2462,3478,3479,3480,3481
378 2403,1301,3352,3357,2833,3482
379 954,1345,425,2341,3483,3484
380 954,3485,1252,3474,3486,1724,3487
381 954,2403,3448,3488,936,3489,3490,3491,3492,3493
382 3494,754,2214,3495,3496,3497,2685,3498
383 954,2055,3499,3500,3501,3502,2116,3503,3504,3505,3017,3506,2561,3507,3508
384 954,3197,3509,3510,3511,1791,3512,2978,1794
385 954,3513
386 954,3514,3515,3516,3096,1029,606,3230,3228,3517,3377,2933,3518,3519,3520
387 954,2403,3521,3471,956
388 2403,954,3522,3523,3524,3525,3526,3527,3528,3529,3530,3531,3532
389 954,829,1191,3533,3273,1278,3534,3535,3536,3537,3538,3275
390 1301,954,357,392,3539,175,3540,956,3541,3542
391 954,3100,3543,3544
392 3545,2214,1694,3546,3440,3441,3442,1571,3443,3444,3445,3446,3547,3212,3548
393 1932,3081,1432,1783,3549,3550,1724,2948,3551,3552,3086,1744,3553,2407,3554
394 2214,3555,2685,3556,3162,3557,3558,2732,3559,3560
395 768,3561,2214,3562,2526,3563,3296,2685,3564,3070
396 3471,3111,3565,3566,3567,3568,3569,3570
397 3571,3572,3573,3574,3575,1672,3576,3577,3578,2428
398 3579,3580,3435,3581,3582,3583
399 954,3584
400 3585,3586,3478,3587
401 1301,768,2403,3588,3589,1694,3590,2526,3591
402 954,3592,3593,425
403 3131,3592,3594
404 3595,1674,3596,2750,3597,175,2992,2967,2933,3598
405 2956,3599,3600,2961,3601,3602
406 768,3603,3604,3605,3606,3607,3055
407 2214,3608,3609,3610,3611,3612,3613,3614,3615,3616,1740,3617,3618,3357
408 3619,2685,3620,3621,3622,3623,3624,3625
409 954,3626,3627,3628,3629
410 3279,3280,3630,3631,3632,2181,1147,3633,3634,3635,3636,3637,3638
411 3131,3524,1238,994,3639,3640,3641,3642,3643,3644,3645,3646,3647,3648
412 3649,3650,3054,3651,3652,3354,3653,3654,3655,3656,3657,3211,3658,3659,3060,3660
413 2956,3279,1670,2958,2961,2835,2970,2963,3661,3662,3663,3664,2967,3665,2933,3666,2487,3667,3668
414 956,1915,3669
415 3500,3065,3670
416 3671,956,3672,3673
417 3029,956,1724,3674,3675,3676
418 3677,3678,3679
419 3524,3680,3681,3682,1183,3683,3684,1852,3685,3686,3687,3688,2275,3689,2332,3690,3691,3692,3693
420 954,3694,1659,3695,3696,3697,956,3698,3699,3543,3700,3701,2347,1246,3682,3429
421 2214,3702,3703,3704,50,3705,3706,3707,3708,2731,3709,3710,3711,1637,1701,1702,1703,2647,3247,3248,3712,2226,3713,3714
422 3715,3716,2757,3717,3718,3719,2430,3720,3721,3722
423 3649,3650,3054,3651,3652,1525,3202,3723,3724,3725,3659,3726,3655,3077,3656,3727,3728,3729,3730
424 2509,3055,2505,3731,3732,2508
425 2214,17,1300,2269,2220,3711,1637,1701,1702,1703,3247,3248,3712,3713,2226,3714
426 2446,954,1724,1848
427 2659,1549,2509,3055,3394,3388,3733,2744,3734,3735,3736,3737,3732,2508,3731,3738
428 1301,2214,3739,3740,3741,3742,3743,3744,3745,3746,3747,3748,3749,3750
429 3751,3752,3753,3105
430 3754,2267,3565,3755,3472,3756,1861,1048,3757,1173,3758,3759
431 954,1740,3760,3761,3447
432 954,3762,3763,3764,2578,2441,3765,3766,956,3767,3768,3769,3770
433 1301,2214,3771,3772,3773,3774,3775,3776,425,3354,2391,3777,3162,3778,3003,3779
434 3650,3054,3651,3652,3780,3056,3656,3649,3657,3781
435 2509,3055,3782,2505,3737,3732,2508,3731
436 3715,3783
437 954,3784,2554,3785,3786,3787,3788,1910,3789,3790,3791,3792,2556,3793,2557,3794,2628
438 954,2459,3795,3796,3299
439 1524,1523,3052,3053,1525,1526,1537,3797,3055,1529,3798,3799,2081,3058,3059,3800,3801,3802,3803,3736,3804
440 954,2085,956,1724,3805,2086,3806
441 954,956,994,3807,3808,3809,3810,3811,3812,2930,2560
442 768,2214,1301,3813,2991,3814,3815,3816,3817,1302
443 3052,3053,3054,3818,3055,3058,3059,2526,3060,3819,3820
444 954,3821,688,2464,684,956,3822,2410,326
445 1301,2989,3823,2991,2970,3824,3825,2750,481,3826,3827,2485,2967,3828,3829,3830
446 954,3831,3832,3833
447 2214,3834
448 2214,3306
449 3835,3836,3837,3838
450 954,3839,3840,3507
451 1301,3841,1740,3842,3843,3844,3845,3846,3847,3848,3849,3850,3851,3852,3853,3854
452 2214,3855,3856,3857,2239,3858,2227,3859,3860,2237,3861,3862,3863,3864,2133,3865,3866,3867,3868
453 954,994,3869,956,3870,3871,3872
454 768,2957,3873,3874,3875,3876,3877,2958,481,2959,3595,2967,3878
455 3250,3879,17,1300,3711,1637,1701,1702,1703,3248,3712,3713,2226,3880,3881,2648
456 2350,3882,3883,783,956,445,3884,3468
457 3650,3723
458 2214,3885,3886,2217,17,2269,1300,3887,3888,3781,3889,3890,3438
459 1703,2214,3891,1637,1701,1702,2221,2222,3880,3892,3881,3893,3712,2223
460 2214,3894,3895,3896,1526,3897,1300,3898,2652,3708,2108,3899,3900,3901,3438
461 3131,2214,3902,3903,3904,3905,2109,3906,3907,1300,2283,1637,1701,1702,2221,2222,2649,3880,3892,3881,3893,3712
462 3908,3909,3329,3330,3331,3332,3333,1328,1330,1362,1323,1332,2667,3910,3911
463 1703,3912,3886,3913,3914,3915,3916,1300,3678,1637,2647,1702,1701,2221,2649,3880,3892,3881,3893,3712,2223
464 2214,3917,2109,3259,1300,2101,1637,1701,1702,1703,2221,2222,2226,2649,3892,3881,3893,3712
465 954,3918,3919
466 3920,1526,3921,2109,1300,2276,1637,1701,1702,1703,2221,2222,2223,2224,2288,2289,2647
467 2214,3705,3922,3923,3924,3925,2276,1637,1701,1702,1703,2221,2222,2223,2224,2288,2289,2647
468 3253,1300,1637,1701,1702,2226,1703,2221,2222,2223,2224,2276,2288,2289
469 3926,3927,3928,3929,3930,3931,3932,3933,3934,3935,3936,3937,3938,3939,3940,3080
470 994,3941,2278,3942,1300,3943,2288,2289,2647,3247,3248,3944,2226,3713,3712,3880,3714,2648
471 2967,2933,3945,3946
472 1688,3947,1300,2685,2226,3713,3712,3880,3714,2648,3948,3949,3892,3950,3951,2222
473 1301,1637,1688,2278,3952,3194,3953,2216,3954,3955,3956,3957,2219,1744,3958,3959,3435,3960,3961,3962,3963,3964,3940
474 954,956,3965,3966,2790,3967,3968,3172
475 2836,768,3926,1688,3969,3970,3971,3972,2962,3973,3859,3860,3974,3975,3976,3977,3867
476 2836,1688,1526,1300,2685,2108,3978,3901,3979
477 1740,3980,3981
478 956,3982,3983,3984,3985,2560,3986,3987,2930,3988
479 3650,3313,3303,3304,3989,3312,3990,3991,3992,3993,3994
480 3052,3053,3054,3055,3995,2081,3058,3996,3060,2103,1537,3997,3820
481 3998,1740,3999,1594
482 1688,4000,4001,4002,2650,2912,4003
483 1301,2392,3674,4004,1724,2765,2348,4005
484 3941,1688,3917,1300,2685,2104,4006,2108
485 3650,3054,3651,3652,3038,3056,3656,3649,3657,4007
486 4008,956,4009,4010
487 4011,4012,4013,4014,2268,3437,3438
488 3065,4015,2934,3229
489 3941,4016,4017,4018,4019,4020,4021,4022,4023,4024,3354,4025,4026,2487
490 3941,3557,3891,4027,4028,3775,3776,4029,4030,1936,4031,4032,3169,4033,4034,4035,4036,3003,4037,4038,3724,4039,4040,4041
491 3834,1688,3976,3631
492 4042,3049,4043,3883,2125,4044,4045,4046,4047,993,4048,1724,4049,4050
493 4051,1740,3565,4052,3472,4053,4054,4055,3661,4056,4057,4058,4059,4060,4061,4062,4063,4064
494 3941,1688,4065,3894,3706,4066,2214,4067,4068,4013,4069,1637,4070,4011,4035,4071,4072,4073,4074,4075,4076,4077
495 1740,3196,4078,4079,4080,1357,3578,2428,2424,4081,4082
496 3327,768,1688,1670,2401,2836,4083,702,3929,4084,4085,4086,4087,3860,4088
497 1688,2401,4089,4090,2181,3306,4091,2188,4092
498 4093,4094,3833
499 3175,4095,956,1937,4096,4097,4098,2708,4099,4100,4101,4102
500 3941,754,2214,4103,2099,4104,3773,4105,4106,4107,4108,3558,4035,4109,3003
501 4110,4111,3650,3313,3303,3304,4112,4113,4114,4115,3989,3312,1662
502 4116,4117,1103
503 1688,2100,4104,4118,4119,1694,4120,2104,4121,3162,4122,4123
504 3650,4124,4125,4126,4127,4128,4129,4130,4131,1357,4132,4133,4134,4135,4136,4137
505 4138,4087,4139
506 1301,4140,4141,2102,4057,4142
507 1301,4143,4144,4145,4146,4147,4148,4149
508 3052,3053,3054,3055,4150,4151,3058,3059,3981,4152,3060,3078
509 4153,4154,4155,4156,4157,4158,4159,4160,4161,2031,4162,2833,4163,4164,4165,4166
510 3729,1527,2467,3662,3917,4167,4168,425,4169,659,4170,1568,2833,4171,2526,4172,4173,4174,4175,3017,4176,4177,4178
511 4179,4180,3268,2269
512 4110,4111,4181,3303,3304,4182,4183,4112,4113,4114,4115,3989,2469,3311,3312,3313
513 1740,4184,3472,4185
514 2214,1526,1300,2685,2931,4061,4186,4187,4075,4076,4188,3899
515 4189,4190,4191,3715,4192,4193,4143,4194,4195,4196,4197,4198
516 3704,4070,1698,3705,4199,4200,3923
517 4201,4202,3695,956,4203,4204,4205
518 1301,1915,4206,2042,4207,4208
519 3650,3054,3651,3652,3056,3656,3649,3657,3723
520 4209,2572
521 1301,956,4210,3796
522 1915,4211,3022
523 956,4212,2687,4213,4214,4215
524 4216,4217,3723,2214,4218,1300,4219,4220,2685,1694,3361,4221,2838,3569,4076,4222,2894,4223,3901
525 2214,4224,1461,3930,3933,3940,4225,3935,1300,3080,2685,4226,3853,4227,3931,4228,4229,4230,4231
526 1292,3259
527 2509,3055,4232,3732,2505,3734,2332,3737,3731,4233
528 4234,4235,4236,4237,4238,4239,723,4240,3120,4241,4242
529 3052,3053,3054,3055,3995,3911,4243,3058,3059,3060,3394
530 3055,1476,3329,3330,3331,3059,3333,1328,1330,1362,1323,1332,3281
531 1301,1527,4124,4125,1526,3055,4244,1530,4245,4246,4247,4248,4126,3799,4101,4127,4134,4249,4250,4251,4128,4252
532 3650,4253
533 1301,4254,3754,4255,4256,4257,4258,4259,4260
534 2659,2325,3055,4261,4262,2505,4263,3737,3732,3731,4264
535 3052,3053,3054,3055,3102,3058,3059,3060,4265,3625
536 3737,3732,4266,4267,4268,4269,4270,3055,1569,2432,4271,4272,4273,4274,4275,4276
537 4277,4278,4279,3605
538 956,4280,4281,4282
539 4283,4284,4285,4286,4092
540 4287,3650,3313,3304,4114,4115,3989,3723,3312,3990,4288,3991,4289,3993
541 2214,1461,3928,3932,1300,2685,4290,3927
542 1301,3929,3923,3900
543 4291,1527,2989,4292,4293,4294,3827,4295,4296,3590,4297,4298,4299,2526,4300,3070
544 3737,3732,4266,4267,4268,4269,4270,3055,4301,4302,4271,4272,4273,4274,4275,4276
545 768,2214,3847,2401,4303,4304,3861,3862,3929,1220,4305,4306,1191,4307,4308,4309,4310,4311,4312,2188,4313,4088
546 2214,4314,4315,4316,4317,4318,2685,4319,4320,4321,4322,3560
547 4323,1740,2267,4324,4325,4326,3896,4327,4328,1301,4329,3659,4330,4331,4332
548 3737,3732,4266,4267,4268,4269,4270,3055,2381,4333,4272,4273,4274
549 768,4334,2401,4304,2179,2182,2181,4335,4336,4337,4338,1221,3665,4339,4340,4341,4342
550 4343,4290,4344,4180,3718,4345,4346,2284,4347,4348,3253,4349,4350,4351,4352,4353
551 4354,572,4355,4356,4357,4358,4359,4360,4361,4362,4363,4364,3213,1191,4365
552 3650,3054,3651,3652,3056,3649,3657,4366,4367
553 956,2949,3084
554 3054,3651,3652,3056,3657,1424,3723
555 2214,4368,4369,4370,4371,4372,2685,3497,4373,4374,4375,3482,4092
556 2214,4376,4368,4377,4378,4379,4371,4380,4381,2685,4382,4375
557 2214,4383,4384,4385,4386,3352,4387,4388,4389,4390,4391,4392,4393,4394,3498,2188,4395,4396
558 4397,3619,2214,4398,4399,4400,4401,2685,4402
559 4025,4108,2484,2214,4403,4404,4405,4406,4407,4408,2685,4409,3623,4410,4411
560 2214,4025,2484,3619,4412,175,2685,4413,4414,2491
561 4124,4125,4126,3055,4127,4128,4415,3078,3388,4134
562 4124,4125,4126,4127,4132,4128,4133,4134,4416
563 3313,3303,3304,4417,4115,3989,3723,3312,3990,4418,3991,4289
564 3313,3303,3304,4417,4419,4115,3989,3311,3312,3990,4420,4421,4250
565 3055,2332,4422
566 3313,3303,3304,3055,3394,4301,1568,4115,3989,3311,3312,4423,3990,4417,4420,4424
567 4425,3306
568 3929,4308,2181,4426
569 4124,4125,4126,3723,4127,4128,1357,3659,4427,4132,4133,4134,4428
570 2441,3979
571 3855,2227,3814,2237
572 3313,3303,3304,3055,4417,4115,3989,3311,3312,3990,3078,4420,4421
573 3313,3303,3304,3055,4115,3989,3311,3312,4429,3990,4417,3819,4420
574 4430,4124,4125,4126,4431,4432,4433,1476,4434,3055,4435,4436,2381,2332,4423,4263
575 2227,3856,3857,4437,2133,3855
576 3313,3303,3304,4438,3055,3990,4115,3989,3311,3312,2332,4439,4417,4440
577 3313,3303,3055,3990,4441,3995,1529,3209,4442,1531,4115,3989,3311,3312,3800,3304,4417,3736
578 1740,4443,4444,4445,4446,4447,1183,4448,4449,4450,4451,4452,3434,4453
579 4454,1527,2989,4455,4456,4457,4458,2441,2526,768,3668,3896,4459,4460
580 1527,768,4461,3718,4462
581 3783,4463,4464,4235,4465,4466,4467
582 1740,3131,4468,4469,4470,4471,4472,4473,2921,4474
583 4475,4476,4477
584 3737,3732,4266,4267,4268,4269,4270,4272,4273,4274,4275,4276
585 3055,2505,3731,4243,3737,3732,2508
586 3055,2505,3737,3732,2508
587 1301,4478,4479,641,4356,4480,4481,4482
588 4028,3003,2214,4483,4484,4485,2685,3559,4486,3980,4487
589 2401,702,3931
590 3969,2836,4488,2133,4489,3662,4311,4490,4491
591 2267,4492,4493,4054,4494,4495,2431,4092
592 4496,3434,4014,4497,4498
593 4499,4500,4501,4502
594 3056,3651,4503,4504,3657,4505,4506
595 3054,3055,1514,3056,4503,2482,3058,4506,3059,3981,3060,3078,4424
596 1740,4507,4508,4509
597 2325,956,4510,4511,4512
598 956,1740,4513,4444,4514,2599,3695,2628
599 3929,1724,1302
600 4506,3054,3055,4515,3056,3058,3657,3059,4516,4517,3060,4518,3686
601 954,425,4519
602 3855,3857
603 4437,3916,4520,1300,2685,3306,3855,3438,4521
604 2129,2134,1300,2685,4522,4074,2526,4523,4524,3438
605 2989,4300,4295,4525,4526,4104,4297,4293,4527
606 2318,956,2705,1661,1724,4528,3447,4529,4530,4531,4532,4533,4534,4535,3770,4536
607 3847,4089,4537,4538
608 4539,4540,1568,1476,3329,3330,3331,3332,3333,1328,1330,1362,716,4541,4422,4542
609 4444,2318,4543
610 4394,1740,4544,3619,4545,4386,4368,4546,2214,3000,4547,4369,4548,3624,4549
611 4550,3814,2182
612 1300,2685,4073,2108,3797,4551,2103
613 3153,1740,4552,3619,3496,2214,4553,4547,4554,3354,4555,4556,4557,4558,3623
614 3291,4559,175,4560,4561,4562,4563,4564
615 768,4565,3440,3441,3442,1571,3443,3444,3445,3446,1469,4566
616 2214,4567,4395,4399,4568,2685
617 4557,4569,4570,4571,4572,4573,4574,4575,4576,4577,4578,2214,4156,4579
618 956,4580
619 1740,3352,2214,4581,4399,4582,4372,4390,4583,4379
620 3313,3303,3055,4417,4420,2453,3311,3312,3304,3990,4421,4418,3991,4584
621 954,1301
622 3054,3055,3388,2521,3056,2332,3059,3981,3060
623 1301,4585,4586,66,4587,4159,4588,4589,4590,4591,4592
624 4593,4594,4595,4596,4597
625 2214,3856,2491
626 2214,4066,1657,4598,4599,4600,467,4601,4602,1300,4603,2685,4297,4199,4604,4188,4605,3436,4606,4607,4608,4609
627 3055,4127,4132,4133,4128,2189,4134
628 3677,4610,4611,2214,4612,4613,2172,4426
629 4614,4615,4153,4154,4616,4159,4356,4617,4618,4166,4619
630 4620,4444,3471,956,4621,4622,4210,4623,4624,2139,4625,4626,1744,2465,2477,4627,4628
631 4629,1048,2214,4630,4631,4331,4632,4633,3582,4634,3583,4635,4636,3438
632 2214,4637,2685
633 4127,4132,4133,4134,4128,4638
634 4585,3129,3724,4639,4153,4640,3204,4154,4641,4347,4642,4643,4036,3653,3211,4644,4645,4646,4647,4648
635 3313,3303,3304,4417,4420,4136,3990,4288,4421,4418,3991,3993,4649
636 1529,4132,4133,4128,3819,4134,4650
637 4651,4652
638 4653,4654,2214,2685
639 1915,4655,2042
640 2214,4656,3579,1300,4657,2685,3435,3580,3582,3962,4658,4659,2491,3583,4660,3979
641 4661,3995,3056,3054,3800,3060
642 4444,1132,4662,4663,3187,3689,3693
643 3737,3732,4266,4267,4268,4269,4270,4272,4273,4274,4275,4276
644 2509,4664,4665,4666,4667,4668,4669,4670,4671,4672,4673,4674
645 3737,3732,4266,4267,4268,4269,4270,4272,4273,4274,4275,4276
646 4675,4676,4677,4678
647 2509,4664,4665,4666,4667,4668,4669,4670,4671,4672,4673,4674
648 4679,4680,4681,3986,4682
649 956,2318,4683,1191
650 4684,4685,4686,4284,4092
651 4316,3303,4687,3304,4688,4689,4690,4691,2070,3990,4417,4420,4421,4692,3991,4289,4693,3993
652 4437,2214,1300,2685,4299,3857
653 4127,4132,4133,4134,4128,4638
654 2227,4611,3857,3929,2214,4694,2181,4695,3817,3638,3438
655 4446,4447,1852,4696
656 956,1908,4697,4621,4625
657 4698,4086
658 1301,3131,3586,175
659 4699,1740,4700,4701,4702
660 4703,1724,4704,4705,956
661 2989,2991,4706,4707
662 1476,3055,1332,3388,4132,1514,4708,3075,4265,4133,4134,4128,4709,4233
663 2214,2101,4075,3923,3907,1300,4603,2685,4710,3438
664 4127,4132,4133,4134,4128,4638,4481
665 2214,1300,2685,4711
666 4712,4159,4356,248
667 4611,2214,4713,2103,4714,4715,4716,4717,4068,4718,3900,4719,4604,4188,4720,4721
668 2214,3857,4437
669 3055,4127,4132,4133,4128,3075,4134
670 2214,4722,3939,3933,3931,4723,4724,3940,3916,4725,3935,4225,4726,2894,4658,2491,4727
671 4728,2992
672 2214,3929,1453,1300,2685,4076,4729,2526
673 4730,4731,4732
674 4733,4734,4735,956,4736,4737,4738,4739,4740
675 1294,4741,4742,4743,4744,4745,4746,4747
676 2214,4748,3929,467,3579,4749,1300,2685,4659,4750,4751,3438
677 4444,3131,956,4752,4753
678 2214,1300,2685,4218,2526
679 2214,2375,4754,4483,4755,4756,175,4757,2685,754,4758,4759,4760,4410,4761,2434
680 2214,4762,3063,2685,1093,4413,4763,4764,2491
681 1740,2214,4765,3625,4766,4400,4380,4408,2685,4767,4409,754,4768
682 1740,2214,4769,4412,4410,4483,4764,4770,4406,2685,754,4771,4331,2491
683 2214,320,2375,4410,2767,2685,4772,4773,754,1093,4774,4771,4414,4412,2491
684 2214,3625,4404,4768,2685,4766,4405,1694,4775,4400,4767,3620
685 2214,4776,4777,4778,2685,4762,2031,4779,4407,4767,4409,4780,4781
686 2214,2375,2685,4756,4782,2434,4783,754,4758,4784,4761
687 2214,2685,4770,4785,754,4786,4763
688 2214,4412,2685,2767,4773,754,4331,4414,3570,4787
689 4788,2214,4789,1514,4412,4765,4410,4483,2685,4790,754,4791,4331,4764
690 2214,4754,2375,4483,4792,2685,4755,4756,4757,4782,4791,3354,4761
691 956,3337,4793,4794
692 1301,3291,768,2214,3929,3933,4084,4795,4796,4564,4797,4798,3438
693 2494,4799,4024,2495,1573,4800,4801
694 3131,4802,4803,4683,4804,4805,4806,4807,4808,4809
695 2214,2685,4375
696 3131,956,3871,4810,4811,4812,4813,3194,3872,1911,1992,3195
697 956,2736,3084
698 1740,4762,4814,4815
699 2214,4816,4817,4485,4818
700 4127,4132,4133,4134,4128,4638
701 1333,1476,1332,4132,2453,4819,4262,4820,4263,4821,4127,4133,4134,4128
702 4417,4420,3990,4421,4418,3991,4584,4289,3993,3994
703 1637,2214,467,1300,2685,3959
704 1302,4822,4823,4824
705 1740,2214,4825,4826,4827
706 2214,4399,2685
707 3055,3060,4828
708 2214,4829,3625,4768,4399,4766,2685,4830,1694,4380,4409,4831,4832,4833
709 4834,4293,4835,4836,4837
710 2214,1688,1300,4225,2685,4838,4660,4222,4659,4839
711 2214,4840,4841,4842,2685,4843,4844
712 2214,4437,3855
713 4845,2214,1688,3923,4846,2685,3925,4847
714 4848,4616,4849,4591
715 2214,3929,1688,1300,4825,4850,4851,1977,3438
716 2214,2227,1300
717 4852,4853,4854,4855,4856,4857,4858,4859,4860,4861,4862,4863
718 2509,4664,4665,4666,4667,4668,4669,1357,4481,4670,4671,4672,4673
719 3012,1740,4864,4865,4446,4866,4867,4868,4869,4870,4871,4872,4873,4874,4875,4876,4877
720 3055,3060,4828
721 829,4878,4879,1740,4880
722 4881,4217,4170,2991,2992,4882,4883,4884,3980,4885
723 4088,3547,4886
724 1301,3371,4181,4887,4481,1191,4888,4889,4890
725 1301,4891,2685,4770,4785,4767
726 3055,4892,3060
727 1301,956,3542
728 4127,4132,4133,4134,4128,4638,4893
729 2214,4611,4084
730 2214,4894,2217,3963,4895,3943,4896,4897
731 2031,4852,4853,4854,4855,4856,4857,4858,4859,4860,4861,4862,4863
732 4417,4420,3990,4367,4421,4418,3991,4584,4289,3993,3994
733 4898,4899,4900
734 4901,1740,4676,4902,4219,4903,4904,4905
735 4846,2214,1688,1300,4603,2685,4906,4199,4907,3436
736 4444,2621,956,4908,2626
737 2214,4484,3980,4909,4910,2685,4911,4912,754,4791,4842,4913,4843
738 4614,3208,4365,4914,4915,4916
739 2214,4599,1688,4917,1300,2685,3978
740 4412,4790,4918,2685,4763
741 4919,4392,4768,4399,4582,2685,4390,3497,4374,754,4369,4583,3624
742 2214,4919,3625,4768,4766,2685,3620,4409,754,4398,4920,4921
743 768,2991,4922,4923,4924
744 2214,4925,2685,4926,754,4321,2376,4518
745 2214,4927,1300,3354,2685,754,4928,4414
746 2214,4599,1688,4929,1300,4917,4602,4930,4603,4931,4932,3978,3436,4839,4933,4934
747 2214,4777,1300,4766,2685,4404,4405,4406,4407,4767,4409,4780,4779
748 4444,4935,4936,4937,3695,2603
749 4938,1300,2685,4939,4762,1694,4940,4763
750 4658,4941,4794
751 781,2453
752 3056,4942,3060,4943,4944
753 4127,4132,4133,4134,4128,4638
754 467,1300,2685,3942
755 4420,4421,4418,3991,4584,4289,3993,3994
756 4945,4826,4946,4947,4948
757 2121,2685,2912,4375
758 4420,4421,4418,3991,4584,4289,3993,3994
759 4127,781,4132,4133,4128,4638,4134
760 4127,781,4132,4133,4134,4128,4949,4182,4950,4247,4911,4951,4952,3819,500,4953
761 4420,4421,4418,3991,4584,4289,3993,3994
762 1300,4954,3830
763 2121,4581,1300,4955,2685,4956,4830,4371,4380,4568,754,4373
764 1740,4957
765 4001,4958,4959,4960,2485,4961,4962,4963,4964,4495,3916,4965,4966
766 4967,4169,4968,1861,4969,4970,4971,4972,4973,4974,4975,4947,4794,4976,4977
767 1300,4945,4978,4946,4948
768 2121,4831,2685,4979,2912,3482
769 4054,4501,4495,4976
770 4127,781,4133,4134,2081,4128,2189,4638,4132,1529,4980
771 4599,2109
772 4981,2431,4982
773 4446,1740,1294
774 956,4983,3194,4984,1992
775 1300,4943
776 1688,4985,2217,4986,1300,2685,2286,3964,4987,4988,4989,4990,4897,3979
777 2685,3296
778 1301,3084
779 1301,1300,2685,4609
780 1301,4325,1740,4000,4991,4992,4993,4994,3896,4995,4996,2491,4997
781 1688,1300,2685
782 1300,2509,4664,4665,4666,4667,4668,4669,4998,4137,4670,4671,4672,4673
783 956,4999
784 956,5000
785 2217,5001,1300,467,1637,2121,2685,3942,4985,4989,5002,5003,4710,3890,3438
786 1300,2109,2685,4659
787 1688,1300,2685
788 1688,1300,2685,5004
789 1300,2685
790 1300,4852,4853,4854,4855,4856,4857,4858,5005,2685,4859,4860,4861,4862,4863
791 1300,2509,4664,4665,4666,4667,4668,4669,2685,4998,1357,5006,4670,4671,4672,4673,4674
792 1688,1300
793 1688,1300,2685
794 1300,4852,4853,4854,4855,4856,4857,4858,2685,5007,4859,4860,4861,4862,4863
795 2991,2992,3596
796 5008,5009,994,5010,4683,5011,5012,5013,1724,5014,5015,5016
797 2101,1300,2685,4142,5017
798 956,5018
799 1300,2685,5019,5002
800 1740,5020,5021
801 1300,2685
802 5022,4460
803 3131,1301,1183,1852,3693
804 1301,5023,5024,5025
805 1301,2182,5026
806 3208,4400,5027
807 1300,5028
808 1300,2650
809 5029,1300,2685,5030,5031,4188,4605,3436,3438
810 467,1300,2685,5032
811 1300,2685,5033
812 1300,4852,4853,4854,4855,4856,4857,2685,4859,4858,4860,4861,4862,4863
813 5034,1300,2685
814 2685,1300,5035,3678,3306,4226,5036,5037,5038,3438,5039
815 5040,3296
816 1476,3329,3330,3331,3332,3333,1328,1330,1362,1323,1332,1333,4422
817 2685,1300,4955,4372,4371,4583,754,4374,4382,4369
818 5041,4154,5042,3209,5043,5044,5045,5046,4889
819 1740,783,5047,3300,5048,5049,4793
820 2685,4938,1300,4788,4762,4404,4775,4003,4939,4767,754,5050,5051
821 1300,2685,4842,5052,4265,5053,4910,4843,4484
822 3417,3415,1300,3421,5054
823 4128,4638
824 2521,4952,4980,2527
825 1300,2685,4421,4418,3991,4584,4289,3993
826 1301,4084,1221,4795
827 1301,607,5055
828 1301,5056,5057
829 1300,2685
830 1300,3857
831 1300,2685,4421,4418,3991,4584,4289,3993
832 1300,2685
833 1300,2685
834 1300,2685,4418,3991,4584,4289,3993
835 4444,3794
836 5058,5059,5060,4371,2912,5061,5062,5063,5064,5065,3497
837 3715,5066,5067,3400,5068,5069,5070,5071
838 5072,2237
839 4169,4501,4160,4973,5073,5074,5075,4595,4238
840 1300,4897
841 2217,1300,2685,4897
842 5076,1694,5077,5078,4147,3027
843 1300,2685,4418,3991,4584,4289,3993
844 4392,1300,2685,4956,4371,3497,4372,4373,5079,4369,5080,5038
845 2318,5081
846 1300,2685
847 1300,2109
848 4345,1300,5082,4695,5083,4825,2685,3306,5084,4205,5085
849 5086,17,5087,1300,5035,2685,3678
850 1300,5088,5035,2685,3678
851 2101,5089,1300,17,5088,2685,5083
852 2101,4827
853 4935,3790,5090
854 1300,2685
855 3415,5054,3414,1300,2685,5091,3418,3416,3422,3417,3423,5092,3438
856 1300,2685,4418,3991,4584,4289,3993
857 5093,5094,4199,5095,5096,5097,5098,754,4032,4772,4649,3770
858 1300,2685,754
859 4444,2310,5099,956
860 4444,2924,5100,2628
861 1617,1915,5101,2988
862 1300,4588,2685
863 4444,2955,5102,175,2626,5103,1294,5104,5105,3808
864 1416,5106,5107
865 1300,3620
866 4084,1300,4766,2685,754,3438
867 1300,2685
868 1300,2685,3980,4782,4321,5108,5109,5110
869 2139,5111,956
870 1300,490,2685,3979
871 5112,2431,4945,5113,4595
872 1300,2685
873 5114,1300,2685,5115,5116
874 1300,2685,754,5085
875 2139,956,3872
876 2259,5056,5117
877 1301,5118,4797
878 1301,1300,2685
879 4446,5119,3683,4660
880 1300,2685,5120
881 1300,2685,5121,5122,5123,5124,3158,4319,754,5125,4649,5126,3770
882 5127,5128
883 1300,3980
884 1300,2685,5091,5036
885 5129,4922,4824
886 4852,4853,4854,4855,4856,4857,4858,2685,4859,4860,4861,4862,4863
887 2520,2509,4664,4665,4666,4667,4668,4669,2685,4670,4671,4672,4673
888 5130,5131,5132,5133
889 1300,2685,5091
890 50,5091
891 5072,5134
892 1300,4606,2685
893 5135,5136,4905,5137,4000,5138,4606,5139,4318
894 2509,4664,4665,4666,4667,4668,4669,4272,2685,4670,4671,4672,4673,4674
895 2685,1300,4659
896 1302,5140
897 1971,5027
898 5141,4727,4092
899 4917,1300,4219,2685,5142,4952,5143,3901,3438
900 1300,5144,5082,5091,2685
901 2505,3731,3732,2508
902 1300,2685,5091,5033
903 1300,2685
904 1300,2685,4498
905 1191,4585,4614
906 5145,5146
907 1300,2685,4722,5082,5091
908 3980,5147
909 5148,3027
910 1300,2685,3921,5091,5033,3979
911 1300,5149,2685,5150,3438
912 5151,5152
913 4756,4758
914 5102,4444,5153,1294,956
915 4790,4842,5154,4911,5155,754
916 3294,4318,5001,754,4021,5156,4142,5017
917 5157,3294,754,4021
918 4319,5098,2685,5158,5159,754,5126,4321,3354,5160,3770,5161,4172
919 5123,4842,5159,5162,5163,4772,5097,5164,2685,754,5165,4032,3658,1975
920 2685,754
921 4319,4318,3771,5159,2685,5098,4320,754,4032,5126
922 2685,4638
923 4319,4318,3771,5159,5098,2685,754,5126
924 4444,28,956,5166,2627,2628
925 2685,754,4021
926 4400,2685,754,4918
927 5157,4318,5164,5167,754,5168,5169
928 2685,754,4414
929 2121,4842,4400,2685,4773,754,4918
930 4400,2685,4773,754
931 5170,5157,5171,5124,5159,4317,5172,5173,4319,5097,5174,2685,3070
932 2121,2685,754
933 5175,2685,5176,3027
934 2685,4638
935 2685,3880,5177,4725,5178,4532,5033,4172
936 2214,2685,5091
937 2685,248
938 5179,5180
939 754,2685,4764
940 2214,2685,754
941 3208,5181,5182,5183
942 2121,2685,5184,754,4021,4142
943 5185,4509
944 5186,5187
945 754,2685
946 4978,5082,5091,3414,3415
947 5188,1301
948 5189,5190,5191,5192,5193,2354
949 5194,5195,5196,1301,3629,5099
950 1301,956,5197
951 2214,1301,2685
952 2214,2685
953 2214,1301,2685,5091
954 2685,5091
955 4317,2685,754
956 3596,4491
957 4633,5198
958 2509,4664,4666,4667,4668,4669,4670,4272,2685,4665,4671,4672,4673,4674
959 2685,1469
960 754,2685
961 956,3194
962 2685,4638
963 2685,1469
964 2685,3993,4980
965 2685,5199,5200
966 2685,4763,4411,5051,5201
967 5202,5203,5204,754,2685,4924
968 2685,754,4844
969 5205,4585,4154,4614,5206,4153,5207
970 5091,2685
971 5091,2685
972 754,2685
973 2685,5091,5208
974 5174,5159,5209,4320,754,4317,2685,5210
975 2685,5091,5208
976 5211,3194,5212
977 5164,5159,754,2685,4321,5199
978 2685,4425
979 2685,5213
980 2989,4795
981 2495,5214
982 5215,5192
983 5091,5216,2685,5217,3925,3979
984 5218,5219
985 5082,17,2685,5176
986 2685,5220
987 754,2685,5110
988 5221,5110,5222
989 3993,3994
990 3993,3994
991 1096,5223,5224,5225,5226,5227
992 5228,5229,5230,5231,5232,5233,5234,5235,5236,5237,5238,5239,596,5240,5241,5242,5243,5244,5245,5246,5247,5248,5249,5250,5251,5252,5253,5254,5255,5256,5257,5258,5259,5260
993 5261,5262,5263,5264,5265,5266,5267,5268
994 5269,5270,5271,5272,5273,5274
