0 0
0 1
1 3
1 4
1 5
2 8
2 0
3 0
3 9
4 10
4 12
5 13
5 0
5 15
6 16
6 17
6 18
7 10
7 20
7 11
7 22
8 23
8 24
8 25
8 7
9 27
9 28
10 31
10 32
10 33
11 35
11 36
12 37
12 38
12 39
13 20
13 22
14 42
14 43
15 11
15 10
16 32
16 44
16 45
17 47
17 49
18 50
18 52
19 13
19 36
19 54
20 55
20 57
21 53
21 57
22 19
22 58
22 59
23 15
23 7
23 53
23 13
23 61
24 62
24 51
24 52
25 63
25 65
25 66
26 67
26 69
27 15
27 71
28 72
28 73
29 42
29 41
30 76
30 77
31 79
31 80
31 81
31 82
31 77
31 83
31 84
32 38
32 85
33 86
33 87
33 89
34 5
34 90
35 54
35 91
35 52
36 93
36 27
37 95
37 36
37 96
38 91
38 51
38 52
39 97
39 98
39 58
40 37
40 39
40 40
41 39
41 38
42 100
42 101
42 103
43 15
43 0
44 20
44 11
44 105
45 32
45 106
45 30
46 107
46 108
46 103
47 110
47 17
47 111
48 113
48 114
49 116
49 118
50 17
50 110
50 119
51 24
51 25
51 121
51 122
52 58
52 123
53 124
53 10
53 11
54 125
54 127
54 128
55 104
55 129
55 130
56 62
56 50
56 131
57 12
57 10
57 133
58 134
58 136
58 137
59 17
59 16
60 52
60 138
60 92
61 139
61 140
61 141
62 11
62 143
62 144
63 147
63 99
64 41
64 75
65 52
65 51
65 50
66 148
66 149
67 151
67 10
68 11
68 20
69 70
69 153
69 53
70 62
70 34
70 47
71 62
71 104
72 135
72 19
72 59
73 155
73 11
74 156
74 157
74 158
75 70
75 35
75 160
76 162
76 163
77 125
77 42
78 164
78 165
78 166
79 168
79 98
80 169
80 170
81 173
81 174
81 35
82 175
82 75
82 112
83 176
83 157
83 178
84 167
84 98
85 179
85 180
85 151
86 75
86 175
86 182
87 176
87 157
87 178
88 183
88 157
88 176
89 184
89 185
89 187
90 94
90 152
90 27
91 188
91 190
92 73
92 178
92 191
93 192
93 174
93 70
94 193
94 192
94 174
95 195
95 196
96 161
96 197
97 61
97 57
97 53
98 38
98 200
98 201
99 38
99 201
99 200
100 202
100 200
100 37
101 39
101 38
101 37
102 203
102 72
102 178
103 203
103 73
103 178
104 203
104 72
104 178
105 203
105 72
105 178
106 203
106 72
106 73
107 203
107 73
107 72
108 203
108 72
108 178
109 161
109 163
109 180
110 206
110 207
110 208
111 47
111 130
111 104
112 170
112 171
112 211
113 212
113 214
113 98
114 167
114 168
115 152
115 102
116 67
116 216
117 217
117 218
117 219
118 102
118 100
119 166
119 189
119 220
120 174
120 70
121 15
121 36
122 221
122 12
123 186
123 187
124 207
124 208
124 223
125 137
125 98
126 226
126 227
126 228
127 161
127 230
127 231
128 112
128 17
129 53
129 234
129 51
130 10
130 133
131 235
131 166
131 236
132 21
132 124
133 44
133 237
133 220
134 214
134 239
134 240
135 208
135 241
136 12
136 10
136 20
137 242
137 243
138 75
138 42
138 175
139 245
139 171
139 170
140 157
140 173
141 202
141 37
141 38
142 99
142 246
143 4
143 247
143 136
144 248
144 152
144 29
145 170
145 210
145 250
146 252
146 111
147 253
147 254
147 255
148 22
148 256
148 20
149 19
149 16
150 52
150 51
150 62
151 111
151 251
152 176
152 177
152 178
153 72
153 246
154 257
154 229
154 236
155 258
155 94
155 27
156 163
156 161
156 162
157 164
157 259
157 139
158 260
158 261
158 262
159 53
159 52
160 39
160 37
161 264
161 250
161 210
162 251
162 266
162 267
163 17
163 110
164 179
164 180
164 162
165 268
165 270
165 123
166 17
166 271
166 16
167 254
167 255
168 239
168 273
169 275
169 222
169 276
170 277
170 26
170 15
171 72
171 246
172 67
172 215
173 142
173 259
174 39
174 37
174 99
175 278
175 279
176 36
176 53
176 71
177 108
177 27
178 34
178 281
179 270
179 282
179 123
180 111
180 17
181 170
181 171
181 265
182 283
182 150
182 215
183 48
183 47
184 284
184 53
184 70
185 177
185 157
186 189
186 286
186 287
187 20
187 104
188 36
188 53
189 36
189 55
190 288
190 53
190 153
191 230
191 180
191 151
192 289
192 116
193 99
193 51
194 166
194 259
194 291
195 36
195 53
196 53
196 55
197 36
197 55
198 174
198 233
198 70
199 4
199 90
199 136
200 155
200 10
200 11
201 133
201 242
202 12
202 292
202 10
203 29
203 144
204 52
204 293
204 295
205 152
205 103
205 102
206 296
206 255
206 253
207 180
207 161
208 151
208 28
208 20
209 251
209 252
210 298
210 299
210 300
211 301
211 16
211 207
212 17
212 16
213 137
213 214
214 11
214 20
215 153
215 70
215 35
216 232
216 303
216 304
217 223
217 17
217 16
218 187
218 222
219 209
219 130
219 104
220 307
220 308
221 73
221 72
221 178
222 5
222 90
222 136
223 69
223 68
223 149
224 110
224 16
225 203
225 73
225 178
226 22
226 20
227 72
227 203
227 178
228 110
228 16
229 140
229 259
229 236
230 201
230 38
231 309
231 93
231 27
232 12
232 10
232 11
233 39
233 311
233 38
234 203
234 72
234 178
235 312
235 189
236 67
236 69
237 139
237 313
237 314
238 155
238 11
239 90
239 4
240 250
240 171
241 315
241 45
241 237
242 317
242 11
242 20
243 113
243 115
243 319
244 58
244 321
244 60
245 10
245 11
246 90
246 6
246 136
247 259
247 139
248 175
248 75
249 68
249 67
250 5
250 90
251 93
251 94
252 245
252 170
252 171
253 11
253 22
253 133
254 119
254 323
255 324
255 220
256 53
256 54
257 325
257 246
258 70
258 36
258 15
259 153
259 327
260 272
260 252
260 67
261 37
261 99
262 328
262 145
263 330
263 331
263 332
264 90
264 4
265 10
265 292
265 11
266 180
266 179
267 235
267 313
267 166
268 22
268 133
268 11
269 37
269 38
270 161
270 162
271 203
271 73
271 72
272 334
272 335
272 337
273 110
273 17
273 111
274 110
274 17
274 16
275 174
275 70
276 124
276 10
277 214
277 271
277 135
278 67
278 69
278 68
279 339
279 136
280 200
280 39
280 38
281 340
281 139
282 32
282 106
282 30
283 68
283 338
284 20
284 129
284 130
285 37
285 99
285 341
286 103
286 102
286 27
287 342
287 267
288 5
288 90
289 292
289 10
290 4
290 90
290 136
291 47
291 123
291 98
292 344
292 55
293 111
293 119
294 95
294 2
294 344
295 151
295 297
296 58
296 232
297 113
297 346
298 330
298 19
299 4
299 90
300 347
300 34
301 349
301 232
302 350
302 34
303 155
303 11
304 4
304 136
305 173
305 70
305 35
306 351
306 352
306 353
307 259
307 189
308 355
308 313
308 139
309 356
309 211
310 357
310 358
310 172
311 37
311 202
311 199
312 359
312 360
313 10
313 11
314 187
314 222
315 210
315 170
315 171
316 362
316 363
316 274
317 11
317 10
318 21
318 10
318 20
319 191
319 203
319 73
320 39
320 38
321 32
321 31
321 30
322 246
322 72
322 73
323 10
323 244
324 365
324 366
325 246
325 73
325 72
326 70
326 153
326 55
327 367
327 113
328 271
328 241
329 5
329 4
329 6
330 37
330 39
331 152
331 93
332 21
332 10
332 20
333 90
333 5
333 6
334 130
334 129
335 161
335 162
336 129
336 130
336 209
337 251
337 110
338 80
338 368
338 369
339 10
339 11
340 350
340 347
340 280
341 44
341 370
341 324
342 173
342 325
342 326
343 371
343 55
343 53
344 55
344 36
344 53
345 140
345 139
346 2
346 0
346 36
347 252
347 251
348 339
348 98
349 373
349 35
350 86
350 375
350 376
351 255
351 225
351 98
352 20
352 10
352 377
353 99
353 35
354 10
354 11
355 178
355 73
355 72
356 379
356 10
356 11
357 162
357 161
357 151
358 380
358 73
358 72
359 12
359 10
360 258
360 152
361 68
361 69
362 38
362 95
362 263
363 149
363 67
364 203
364 73
364 178
365 11
365 22
365 10
366 382
366 383
366 123
367 16
367 110
368 53
368 61
368 55
369 161
369 151
370 61
370 372
370 55
371 246
371 70
371 15
372 384
372 133
372 155
373 58
373 19
374 372
374 55
374 53
375 180
375 151
376 385
376 360
377 41
377 42
378 95
378 199
379 48
379 388
379 49
380 17
380 41
381 130
381 20
381 34
382 38
382 39
382 200
383 149
383 150
384 139
384 166
385 389
385 390
385 267
386 350
386 280
386 34
387 20
387 94
387 152
388 391
388 104
389 114
389 113
389 115
390 266
390 343
390 392
391 393
391 394
391 145
392 395
392 99
393 143
393 20
394 38
394 37
394 199
395 38
395 173
396 396
396 397
396 117
397 104
397 130
397 20
398 0
398 1
398 15
399 214
399 98
400 213
400 398
401 192
401 70
401 153
402 257
402 166
402 259
403 220
403 324
404 284
404 70
404 173
405 70
405 174
406 36
406 35
406 70
407 311
407 400
407 39
408 38
408 37
409 5
409 90
410 35
410 173
411 161
411 151
412 146
412 395
412 402
413 174
413 192
413 70
414 187
414 222
414 403
415 34
415 174
415 281
416 404
416 405
416 406
417 407
417 273
417 274
418 372
418 198
418 53
419 391
419 349
419 104
420 27
420 151
421 36
421 53
422 409
422 66
422 410
423 400
423 395
423 402
424 178
424 203
424 72
425 36
425 53
426 16
426 392
426 271
427 178
427 73
427 72
428 39
428 37
428 99
429 413
429 415
429 416
430 91
430 417
431 105
431 391
432 418
432 58
433 99
433 201
434 146
434 400
434 402
435 203
435 73
435 72
436 420
436 421
436 422
437 423
437 4
437 6
438 10
438 20
439 72
439 73
439 203
440 273
440 424
440 425
441 5
441 4
442 427
442 172
442 173
443 72
443 73
443 246
444 429
444 102
445 35
445 192
446 137
446 167
446 98
447 36
447 53
447 55
448 36
448 53
449 113
449 346
449 115
450 32
450 44
451 146
451 246
452 53
452 153
453 161
453 151
454 70
454 35
455 53
455 55
456 180
456 161
457 400
457 402
458 55
458 36
459 61
459 53
460 36
460 53
460 55
461 36
461 53
462 177
462 72
462 178
463 53
463 55
464 36
464 53
465 313
465 86
466 53
466 55
467 36
467 53
468 36
468 53
469 36
469 198
469 53
470 36
470 55
471 357
471 431
471 309
472 36
472 53
473 61
473 36
473 55
474 432
474 433
475 153
475 53
475 372
476 36
476 53
477 434
477 435
477 436
478 136
478 90
478 4
479 402
479 400
479 395
480 72
480 191
480 73
481 349
481 438
481 104
482 62
482 36
482 53
483 137
483 16
483 28
484 15
484 36
484 55
485 395
485 400
485 402
486 100
486 103
487 441
487 36
488 350
488 280
488 34
489 37
489 201
490 201
490 37
490 39
491 53
491 36
491 198
492 28
492 278
492 143
493 52
493 62
493 91
494 36
494 55
495 104
495 129
496 153
496 13
497 53
497 70
498 253
498 254
498 255
499 10
499 20
500 39
500 37
500 38
501 402
501 400
501 395
502 72
502 177
503 277
503 15
504 411
504 395
504 146
505 70
505 153
505 36
506 26
506 0
507 24
507 120
507 306
508 203
508 378
508 72
509 369
509 80
509 77
510 153
510 70
510 35
511 57
511 61
512 178
512 203
512 72
513 51
513 50
514 371
514 53
514 55
515 120
515 25
515 24
516 198
516 53
517 94
517 103
518 210
518 171
518 211
519 400
519 402
519 395
520 443
520 214
521 133
521 22
522 403
522 276
523 330
523 271
524 55
524 15
525 36
525 55
525 53
526 169
526 265
526 250
527 203
527 73
527 72
528 66
528 24
528 15
529 203
529 73
529 72
530 325
530 445
531 203
531 73
531 178
532 402
532 411
532 395
533 447
533 448
533 449
534 178
534 73
534 72
535 191
535 203
535 73
536 73
536 72
536 246
537 428
537 174
537 173
538 27
538 152
539 451
539 360
539 452
540 402
540 400
540 411
541 36
541 53
542 453
542 36
542 454
543 35
543 70
543 192
544 203
544 72
544 246
545 38
545 70
546 201
546 38
547 417
547 455
547 50
548 203
548 73
548 246
549 53
549 70
549 71
550 36
550 53
551 83
551 80
551 369
552 411
552 400
552 395
553 12
553 22
554 411
554 402
554 400
555 39
555 37
555 201
556 39
556 37
556 201
557 39
557 37
557 38
558 39
558 37
558 201
559 39
559 37
559 38
560 37
560 38
560 201
561 178
561 203
561 72
562 400
562 395
562 402
563 400
563 402
563 395
564 378
564 203
564 73
565 73
565 178
565 72
566 178
566 203
566 72
567 57
567 53
568 36
568 35
568 55
569 411
569 402
569 395
570 293
570 294
570 295
571 192
571 174
571 70
572 378
572 203
572 73
573 378
573 203
573 73
574 203
574 73
574 178
575 153
575 70
576 178
576 378
576 73
577 73
577 178
577 72
578 105
578 391
578 104
579 172
579 174
579 35
580 70
580 71
581 66
581 456
582 115
582 346
583 448
583 458
583 449
584 203
584 73
584 246
585 178
585 73
585 72
586 178
586 73
586 72
587 368
587 369
587 83
588 39
588 38
588 147
589 153
589 53
589 71
590 70
590 153
590 35
591 52
591 54
591 417
592 13
592 55
593 62
593 54
593 417
594 400
594 411
594 402
595 378
595 203
595 73
596 91
596 417
596 54
597 11
597 10
598 5
598 460
598 6
599 462
599 172
599 192
600 378
600 73
600 72
601 259
601 142
601 166
602 70
602 153
602 53
603 463
603 71
603 53
604 70
604 71
604 55
605 284
605 70
606 20
606 133
607 35
607 70
607 53
608 178
608 72
608 158
609 11
609 143
609 133
610 39
610 465
610 38
611 173
611 99
611 35
612 57
612 53
612 55
613 466
613 39
613 37
614 153
614 70
614 35
615 467
615 246
616 39
616 37
616 38
617 39
617 37
617 201
618 11
618 10
618 144
619 37
619 39
619 40
620 178
620 203
620 72
621 304
621 232
621 112
622 203
622 73
622 72
623 77
623 469
624 52
624 417
624 51
625 153
625 53
626 57
626 36
626 53
627 203
627 73
627 178
628 55
628 53
629 77
629 78
629 83
630 109
630 103
631 455
631 417
631 53
632 38
632 37
633 400
633 411
633 395
634 146
634 77
634 369
635 146
635 400
635 395
636 203
636 73
636 178
637 470
637 117
638 341
638 53
638 35
639 171
639 211
640 13
640 36
640 53
641 191
641 203
641 73
642 20
642 104
643 203
643 73
643 246
644 402
644 395
645 203
645 73
645 72
646 51
646 50
647 400
647 395
648 472
648 473
649 143
649 242
649 292
650 474
650 360
650 361
651 400
651 402
651 395
652 463
652 36
652 53
653 402
653 400
653 395
654 475
654 153
654 36
655 349
655 476
655 104
656 152
656 103
657 477
657 478
657 120
658 481
658 482
659 347
659 34
660 175
660 412
660 274
661 284
661 174
661 70
662 378
662 73
662 72
663 53
663 55
663 372
664 411
664 402
664 395
665 36
665 53
665 55
666 77
666 369
666 483
667 61
667 36
668 71
668 153
668 70
669 378
669 73
669 178
670 57
670 53
670 55
671 284
671 233
672 9
672 95
672 263
673 368
673 79
673 76
674 484
674 433
675 42
675 41
676 36
676 55
677 486
677 460
677 6
678 344
678 95
678 55
679 39
679 38
679 201
680 39
680 37
680 201
681 39
681 38
681 201
682 39
682 37
682 201
683 39
683 37
683 38
684 39
684 37
684 201
685 39
685 38
685 201
686 39
686 37
686 201
687 39
687 37
687 201
688 39
688 37
688 38
689 37
689 38
689 201
690 37
690 38
690 201
691 10
691 20
692 53
692 35
692 70
693 258
693 93
693 94
694 11
694 487
695 38
695 37
696 162
696 163
696 161
697 488
697 151
698 39
698 38
699 202
699 37
700 400
700 395
700 402
701 73
701 178
701 72
702 146
702 402
702 395
703 55
703 53
704 174
704 173
705 51
705 91
705 36
706 38
706 37
706 39
707 191
707 73
707 72
708 37
708 39
708 40
709 174
709 172
710 36
710 55
711 202
711 37
711 490
712 71
712 153
712 70
713 57
713 95
713 55
714 368
714 77
715 372
715 36
716 475
716 70
716 36
717 400
717 411
717 395
718 400
718 395
719 349
719 438
720 73
720 158
720 246
721 346
721 319
722 172
722 192
722 35
723 35
723 172
723 341
724 83
724 369
724 146
725 39
725 263
725 38
726 73
726 72
726 158
727 389
727 492
727 493
728 411
728 395
728 402
729 53
729 284
729 70
730 372
730 36
731 411
731 400
731 395
732 411
732 400
732 402
733 51
733 52
733 442
734 91
734 52
734 51
735 9
735 53
735 55
736 494
736 496
737 39
737 38
737 201
738 469
738 368
738 369
739 55
739 15
740 39
740 38
740 201
741 39
741 37
741 201
742 37
742 38
742 201
743 172
743 284
743 173
744 39
744 38
744 201
745 39
745 37
745 201
746 55
746 53
747 39
747 37
748 423
748 497
748 498
749 37
749 38
750 79
750 76
751 73
751 72
751 158
752 411
752 395
752 402
753 402
753 400
753 411
754 57
754 53
754 55
755 400
755 146
755 402
756 52
756 54
756 53
757 39
757 202
757 99
758 411
758 402
758 395
759 203
759 72
759 178
760 73
760 72
760 178
761 411
761 400
761 395
762 70
762 153
762 475
763 38
763 200
763 37
764 54
764 52
764 51
765 62
765 54
765 52
766 52
766 62
766 54
767 36
767 53
767 54
768 37
768 99
769 417
769 455
769 54
770 73
770 178
770 72
771 61
771 499
771 15
772 26
772 35
773 391
773 349
774 230
774 197
774 151
775 400
775 411
775 402
776 53
776 61
776 55
777 475
777 53
777 57
778 93
778 103
778 152
779 53
779 36
780 417
780 52
781 55
781 198
781 61
782 400
782 402
783 251
783 119
784 161
784 500
785 36
785 57
785 55
786 36
786 53
787 198
787 53
788 53
788 55
789 402
789 440
789 395
790 400
790 411
790 395
791 400
791 395
792 55
792 70
792 53
793 57
793 36
793 55
794 395
794 400
794 411
795 431
795 173
795 35
796 143
796 11
797 61
797 55
797 13
798 502
798 111
799 36
799 53
799 55
800 39
800 99
800 147
801 55
801 53
801 36
802 62
802 20
803 349
803 391
803 104
804 78
804 83
805 192
805 70
806 78
806 83
807 503
807 15
807 55
808 36
808 35
808 71
809 53
809 36
809 55
810 70
810 153
811 36
811 55
812 395
812 402
812 411
813 440
813 402
813 400
814 55
814 53
815 153
815 53
815 372
816 203
816 73
816 504
817 39
817 37
817 201
818 368
818 369
819 20
819 130
819 129
820 39
820 38
820 201
821 39
821 37
821 38
822 53
822 36
822 57
823 178
823 203
823 73
824 72
824 158
824 246
825 411
825 402
825 400
826 35
826 53
826 284
827 217
827 505
827 116
828 506
828 337
829 341
829 38
830 36
830 70
830 372
831 146
831 402
831 395
832 55
832 36
832 53
833 9
833 57
833 36
834 146
834 400
834 395
835 4
835 461
835 6
836 37
836 38
837 373
837 66
838 153
838 53
838 35
839 52
839 54
839 51
840 36
840 53
840 61
841 36
841 55
842 507
842 26
843 400
843 402
843 146
844 37
844 202
845 11
845 244
845 20
846 440
846 395
846 400
847 61
847 372
847 36
848 55
848 36
849 508
849 53
850 55
850 508
851 55
851 36
852 52
852 36
853 4
853 6
854 411
854 402
854 395
855 36
855 55
855 57
856 146
856 402
856 395
857 39
857 37
858 37
858 39
858 509
859 5
859 90
860 5
860 4
861 170
861 511
862 36
862 53
863 5
863 4
864 11
864 21
864 10
865 37
865 38
866 38
866 53
866 35
867 55
867 53
868 201
868 37
868 38
869 151
869 513
870 514
870 55
870 53
871 52
871 54
871 51
872 402
872 395
872 440
873 70
873 372
873 55
874 37
874 39
875 162
875 151
876 447
876 449
876 515
877 173
877 70
878 37
878 39
879 391
879 105
879 349
880 37
880 202
881 37
881 38
882 52
882 91
882 54
883 38
883 37
883 466
884 55
884 53
885 357
885 70
885 173
886 395
886 411
886 402
887 400
887 395
888 231
888 232
888 516
889 57
889 36
889 55
890 36
890 517
890 514
891 53
891 70
891 15
892 36
892 53
893 52
893 50
893 62
894 146
894 400
894 395
895 55
895 36
896 172
896 173
897 80
897 369
898 54
898 51
898 52
899 263
899 36
899 55
900 55
900 36
901 203
901 73
901 178
902 36
902 55
903 55
903 53
904 53
904 55
905 518
905 83
905 519
906 348
906 438
907 57
907 55
907 53
908 521
908 147
908 523
909 14
909 15
910 57
910 53
910 55
911 55
911 53
912 70
912 192
912 525
913 201
913 39
913 37
914 90
914 4
915 39
915 38
915 201
916 39
916 37
916 201
917 37
917 38
917 201
918 39
918 37
918 201
919 39
919 38
919 201
920 39
920 37
920 38
921 39
921 38
921 201
922 400
922 411
922 402
923 37
923 38
923 201
924 5
924 4
925 37
925 38
925 201
926 39
926 37
926 201
927 38
927 201
928 39
928 37
928 38
929 39
929 38
929 201
930 39
930 37
930 201
931 39
931 38
931 201
932 39
932 37
932 201
933 15
933 55
934 411
934 400
934 402
935 36
935 53
936 36
936 61
936 55
937 2
937 55
938 15
938 524
938 526
939 38
939 201
940 38
940 261
940 55
941 77
941 369
942 39
942 38
943 51
943 52
943 70
944 70
944 15
945 344
945 261
946 53
946 36
946 61
947 528
947 529
947 530
948 11
948 10
949 6
949 136
950 161
950 180
950 179
951 36
951 53
952 531
952 36
952 55
953 55
953 95
953 263
954 61
954 198
954 532
955 38
955 37
955 466
956 35
956 173
956 174
957 38
957 465
957 37
958 146
958 400
958 395
959 400
959 402
960 513
960 38
961 162
961 161
961 151
962 402
962 400
962 395
963 400
963 395
964 178
964 402
964 395
965 40
965 39
965 202
966 38
966 39
967 70
967 521
967 38
968 37
968 38
969 369
969 83
970 35
970 70
970 55
971 57
971 55
971 53
972 38
972 70
972 35
973 36
973 53
974 37
974 38
975 57
975 53
975 55
976 163
976 162
977 201
977 37
977 202
978 463
978 55
978 53
979 36
979 55
980 173
980 70
981 230
981 349
982 10
982 11
983 198
983 36
983 55
984 365
984 129
985 57
985 36
985 53
986 371
986 53
986 55
987 39
987 37
987 201
988 534
988 506
988 536
989 445
989 298
989 325
990 158
990 333
990 73
991 54
991 537
992 110
992 271
992 16
993 385
993 538
994 99
994 39
